1	-0.89026
1.49988	-0.889752
1.99976	-0.889041
2.49963	-0.888127
2.99951	-0.887011
3.49939	-0.885693
3.99927	-0.884174
4.49915	-0.882455
4.99902	-0.880536
5.4989	-0.878419
5.99878	-0.876104
6.49866	-0.873592
6.99853	-0.870885
7.49841	-0.867984
7.99829	-0.86489
8.49817	-0.861605
8.99805	-0.85813
9.49792	-0.854467
9.9978	-0.850617
10.4977	-0.846583
10.9976	-0.842365
11.4974	-0.837967
11.9973	-0.83339
12.4972	-0.828637
12.9971	-0.823709
13.4969	-0.818608
13.9968	-0.813338
14.4967	-0.8079
14.9966	-0.802297
15.4965	-0.796532
15.9963	-0.790608
16.4962	-0.784526
16.9961	-0.77829
17.496	-0.771902
17.9958	-0.765366
18.4957	-0.758685
18.9956	-0.751861
19.4955	-0.744898
19.9954	-0.737799
20.4952	-0.730566
20.9951	-0.723204
21.495	-0.715716
21.9949	-0.708104
22.4947	-0.700373
22.9946	-0.692526
23.4945	-0.684566
23.9944	-0.676497
24.4943	-0.668322
24.9941	-0.660046
25.494	-0.651671
25.9939	-0.643202
26.4938	-0.634642
26.9937	-0.625995
27.4935	-0.617265
27.9934	-0.608455
28.4933	-0.599569
28.9932	-0.590612
29.493	-0.581587
29.9929	-0.572498
30.4928	-0.563348
30.9927	-0.554143
31.4926	-0.544885
31.9924	-0.535579
32.4923	-0.526228
32.9922	-0.516837
33.4921	-0.50741
33.9919	-0.49795
34.4918	-0.488461
34.9917	-0.478947
35.4916	-0.469413
35.9915	-0.459862
36.4913	-0.450298
36.9912	-0.440724
37.4911	-0.431146
37.991	-0.421566
38.4908	-0.411989
38.9907	-0.402417
39.4906	-0.392856
39.9905	-0.383309
40.4904	-0.373779
40.9902	-0.364271
41.4901	-0.354788
41.99	-0.345333
42.4899	-0.33591
42.9897	-0.326523
43.4896	-0.317175
43.9895	-0.30787
44.4894	-0.298611
44.9893	-0.289402
45.4891	-0.280246
45.989	-0.271145
46.4889	-0.262105
46.9888	-0.253127
47.4886	-0.244214
47.9885	-0.235371
48.4884	-0.226599
48.9883	-0.217903
49.4882	-0.209284
49.988	-0.200746
50.4879	-0.192291
50.9878	-0.183923
51.4877	-0.175643
51.9875	-0.167455
52.4874	-0.159361
52.9873	-0.151363
53.4872	-0.143465
53.9871	-0.135667
54.4869	-0.127973
54.9868	-0.120384
55.4867	-0.112904
55.9866	-0.105533
56.4864	-0.0982735
56.9863	-0.091128
57.4862	-0.084098
57.9861	-0.0771852
58.486	-0.0703913
58.9858	-0.063718
59.4857	-0.0571666
59.9856	-0.0507387
60.4855	-0.0444356
60.9853	-0.0382585
61.4852	-0.0322088
61.9851	-0.0262875
62.485	-0.0204957
62.9849	-0.0148343
63.4847	-0.00930424
63.9846	-0.00390632
64.4845	0.00135874
64.9844	0.00649027
65.4842	0.0114877
65.9841	0.0163506
66.484	0.0210784
66.9839	0.0256709
67.4838	0.0301277
67.9836	0.0344488
68.4835	0.0386339
68.9834	0.0426831
69.4833	0.0465964
69.9832	0.0503739
70.483	0.0540158
70.9829	0.0575223
71.4828	0.0608939
71.9827	0.0641308
72.4825	0.0672336
72.9824	0.0702029
73.4823	0.0730392
73.9822	0.0757433
74.4821	0.0783158
74.9819	0.0807577
75.4818	0.0830698
75.9817	0.085253
76.4816	0.0873084
76.9814	0.0892371
77.4813	0.0910401
77.9812	0.0927187
78.4811	0.0942742
78.981	0.0957079
79.4808	0.097021
79.9807	0.0982151
80.4806	0.0992917
80.9805	0.100252
81.4803	0.101098
81.9802	0.101832
82.4801	0.102454
82.98	0.102966
83.4799	0.103371
83.9797	0.10367
84.4796	0.103866
84.9795	0.103959
85.4794	0.103952
85.9792	0.103846
86.4791	0.103645
86.979	0.103349
87.4789	0.102962
87.9788	0.102484
88.4786	0.101919
88.9785	0.101267
89.4784	0.100533
89.9783	0.0997167
90.4781	0.0988216
90.978	0.0978497
91.4779	0.0968032
91.9778	0.0956845
92.4777	0.0944958
92.9775	0.0932395
93.4774	0.0919178
93.9773	0.0905332
94.4772	0.0890879
94.977	0.0875843
95.4769	0.0860248
95.9768	0.0844117
96.4767	0.0827474
96.9766	0.0810343
97.4764	0.0792748
97.9763	0.0774711
98.4762	0.0756257
98.9761	0.073741
99.4759	0.0718191
99.9758	0.0698626
100.476	0.0678738
100.976	0.0658548
101.475	0.0638082
101.975	0.0617361
102.475	0.0596408
102.975	0.0575245
103.475	0.0553896
103.975	0.0532383
104.475	0.0510726
104.975	0.0488949
105.474	0.0467072
105.974	0.0445117
106.474	0.0423105
106.974	0.0401056
107.474	0.0378992
107.974	0.0356931
108.474	0.0334895
108.974	0.0312901
109.474	0.0290971
109.973	0.0269122
110.473	0.0247373
110.973	0.0225742
111.473	0.0204246
111.973	0.0182904
112.473	0.0161732
112.973	0.0140747
113.473	0.0119965
113.972	0.00994016
114.472	0.00790725
114.972	0.00589925
115.472	0.00391761
115.972	0.00196375
116.472	3.90326e-05
116.972	-0.00185522
117.472	-0.00371773
117.971	-0.00554728
118.471	-0.00734266
118.971	-0.00910274
119.471	-0.0108264
119.971	-0.0125127
120.471	-0.0141605
120.971	-0.0157689
121.471	-0.0173371
121.97	-0.0188641
122.47	-0.0203491
122.97	-0.0217913
123.47	-0.0231902
123.97	-0.0245449
124.47	-0.0258549
124.97	-0.0271196
125.47	-0.0283385
125.969	-0.029511
126.469	-0.0306368
126.969	-0.0317155
127.469	-0.0327467
127.969	-0.0337301
128.469	-0.0346656
128.969	-0.0355528
129.469	-0.0363917
129.968	-0.0371821
130.468	-0.0379239
130.968	-0.0386172
131.468	-0.039262
131.968	-0.0398583
132.468	-0.0404062
132.968	-0.0409059
133.468	-0.0413575
133.968	-0.0417613
134.467	-0.0421176
134.967	-0.0424266
135.467	-0.0426888
135.967	-0.0429044
136.467	-0.043074
136.967	-0.0431979
137.467	-0.0432767
137.967	-0.0433108
138.466	-0.0433009
138.966	-0.0432476
139.466	-0.0431513
139.966	-0.0430129
140.466	-0.042833
140.966	-0.0426123
141.466	-0.0423515
141.966	-0.0420515
142.465	-0.0417129
142.965	-0.0413367
143.465	-0.0409237
143.965	-0.0404747
144.465	-0.0399906
144.965	-0.0394723
145.465	-0.0389208
145.965	-0.0383371
146.464	-0.037722
146.964	-0.0370766
147.464	-0.0364018
147.964	-0.0356987
148.464	-0.0349684
148.964	-0.0342118
149.464	-0.03343
149.964	-0.0326241
150.463	-0.0317951
150.963	-0.0309442
151.463	-0.0300724
151.963	-0.0291808
152.463	-0.0282705
152.963	-0.0273426
153.463	-0.0263983
153.963	-0.0254387
154.463	-0.0244648
154.962	-0.0234777
155.462	-0.0224787
155.962	-0.0214688
156.462	-0.0204491
156.962	-0.0194207
157.462	-0.0183848
157.962	-0.0173423
158.462	-0.0162945
158.961	-0.0152424
159.461	-0.014187
159.961	-0.0131295
160.461	-0.0120709
160.961	-0.0110122
161.461	-0.0099545
161.961	-0.00889879
162.461	-0.00784608
162.96	-0.00679736
163.46	-0.00575363
163.96	-0.00471584
164.46	-0.00368495
164.96	-0.00266187
165.46	-0.00164754
165.96	-0.000642848
166.46	0.000351332
166.959	0.00133414
167.459	0.00230473
167.959	0.0032623
168.459	0.00420604
168.959	0.00513517
169.459	0.00604895
169.959	0.00694664
170.459	0.00782753
170.958	0.00869094
171.458	0.00953621
171.958	0.0103627
172.458	0.0111698
172.958	0.0119569
173.458	0.0127235
173.958	0.0134689
174.458	0.0141928
174.958	0.0148946
175.457	0.0155739
175.957	0.0162302
176.457	0.0168631
176.957	0.0174722
177.457	0.0180573
177.957	0.0186178
178.457	0.0191536
178.957	0.0196644
179.456	0.0201499
179.956	0.02061
180.456	0.0210443
180.956	0.0214527
181.456	0.0218352
181.956	0.0221915
182.456	0.0225216
182.956	0.0228255
183.455	0.023103
183.955	0.0233542
184.455	0.0235791
184.955	0.0237777
185.455	0.0239501
185.955	0.0240964
186.455	0.0242167
186.955	0.0243111
187.454	0.0243797
187.954	0.0244228
188.454	0.0244406
188.954	0.0244333
189.454	0.0244011
189.954	0.0243444
190.454	0.0242633
190.954	0.0241583
191.453	0.0240296
191.953	0.0238776
192.453	0.0237027
192.953	0.0235053
193.453	0.0232858
193.953	0.0230445
194.453	0.022782
194.953	0.0224987
195.453	0.0221951
195.952	0.0218717
196.452	0.0215289
196.952	0.0211673
197.452	0.0207875
197.952	0.02039
198.452	0.0199753
198.952	0.019544
199.452	0.0190966
199.951	0.0186339
200.451	0.0181564
200.951	0.0176646
201.451	0.0171592
201.951	0.0166409
202.451	0.0161103
202.951	0.015568
203.451	0.0150146
203.95	0.0144508
204.45	0.0138773
204.95	0.0132947
205.45	0.0127037
205.95	0.0121049
206.45	0.0114991
206.95	0.0108868
207.45	0.0102687
207.949	0.00964562
208.449	0.00901809
208.949	0.00838679
209.449	0.00775241
209.949	0.00711559
210.449	0.006477
210.949	0.0058373
211.449	0.00519712
211.948	0.00455712
212.448	0.00391793
212.948	0.00328018
213.448	0.00264451
213.948	0.00201153
214.448	0.00138185
214.948	0.000756069
215.448	0.000134787
215.947	-0.000481414
216.447	-0.00109196
216.947	-0.00169628
217.447	-0.00229384
217.947	-0.00288407
218.447	-0.00346646
218.947	-0.00404048
219.447	-0.00460563
219.947	-0.00516142
220.446	-0.00570736
220.946	-0.00624299
221.446	-0.00676785
221.946	-0.0072815
222.446	-0.00778353
222.946	-0.00827352
223.446	-0.00875108
223.946	-0.00921582
224.445	-0.00966739
224.945	-0.0101054
225.445	-0.0105296
225.945	-0.0109397
226.445	-0.0113352
226.945	-0.011716
227.445	-0.0120818
227.945	-0.0124323
228.444	-0.0127673
228.944	-0.0130866
229.444	-0.01339
229.944	-0.0136774
230.444	-0.0139484
230.944	-0.0142031
231.444	-0.0144412
231.944	-0.0146627
232.443	-0.0148674
232.943	-0.0150554
233.443	-0.0152264
233.943	-0.0153806
234.443	-0.0155178
234.943	-0.0156381
235.443	-0.0157414
235.943	-0.0158278
236.442	-0.0158974
236.942	-0.0159501
237.442	-0.0159861
237.942	-0.0160054
238.442	-0.0160082
238.942	-0.0159945
239.442	-0.0159646
239.942	-0.0159185
240.442	-0.0158565
240.941	-0.0157786
241.441	-0.0156852
241.941	-0.0155764
242.441	-0.0154524
242.941	-0.0153135
243.441	-0.0151599
243.941	-0.0149919
244.441	-0.0148097
244.94	-0.0146137
245.44	-0.0144041
245.94	-0.0141813
246.44	-0.0139455
246.94	-0.0136972
247.44	-0.0134366
247.94	-0.0131641
248.44	-0.01288
248.939	-0.0125848
249.439	-0.0122787
249.939	-0.0119623
250.439	-0.0116358
250.939	-0.0112997
251.439	-0.0109544
251.939	-0.0106003
252.439	-0.0102378
252.938	-0.0098673
253.438	-0.00948931
253.938	-0.00910422
254.438	-0.00871248
254.938	-0.00831452
255.438	-0.00791079
255.938	-0.00750174
256.438	-0.00708781
256.937	-0.00666945
257.437	-0.00624713
257.937	-0.00582129
258.437	-0.00539238
258.937	-0.00496087
259.437	-0.0045272
259.937	-0.00409182
260.437	-0.0036552
260.937	-0.00321777
261.436	-0.00277998
261.936	-0.00234229
262.436	-0.00190512
262.936	-0.00146892
263.436	-0.00103412
263.936	-0.000601158
264.436	-0.000170451
264.936	0.00025758
265.435	0.000682518
265.935	0.00110396
266.435	0.00152149
266.935	0.00193472
267.435	0.00234327
267.935	0.00274674
268.435	0.00314477
268.935	0.00353698
269.434	0.00392303
269.934	0.00430255
270.434	0.00467521
270.934	0.00504067
271.434	0.00539862
271.934	0.00574873
272.434	0.00609071
272.934	0.00642426
273.433	0.00674909
273.933	0.00706494
274.433	0.00737155
274.933	0.00766865
275.433	0.00795602
275.933	0.00823342
276.433	0.00850063
276.933	0.00875745
277.432	0.00900368
277.932	0.00923915
278.432	0.00946367
278.932	0.0096771
279.432	0.00987928
279.932	0.0100701
280.432	0.0102494
280.932	0.0104171
281.432	0.010573
281.931	0.0107172
282.431	0.0108495
282.931	0.0109699
283.431	0.0110783
283.931	0.0111747
284.431	0.011259
284.931	0.0113313
285.431	0.0113916
285.93	0.0114398
286.43	0.0114759
286.93	0.0115001
287.43	0.0115124
287.93	0.0115128
288.43	0.0115014
288.93	0.0114783
289.43	0.0114435
289.929	0.0113972
290.429	0.0113395
290.929	0.0112706
291.429	0.0111905
291.929	0.0110993
292.429	0.0109974
292.929	0.0108848
293.429	0.0107616
293.928	0.0106282
294.428	0.0104847
294.928	0.0103312
295.428	0.010168
295.928	0.00999539
296.428	0.00981351
296.928	0.00962261
297.428	0.00942295
297.927	0.00921478
298.427	0.00899836
298.927	0.00877396
299.427	0.00854184
299.927	0.00830229
300.427	0.00805559
300.927	0.00780203
301.427	0.00754191
301.926	0.00727553
302.426	0.0070032
302.926	0.00672521
303.426	0.0064419
303.926	0.00615357
304.426	0.00586054
304.926	0.00556314
305.426	0.00526169
305.926	0.00495652
306.425	0.00464796
306.925	0.00433634
307.425	0.004022
307.925	0.00370527
308.425	0.00338648
308.925	0.00306596
309.425	0.00274405
309.925	0.00242109
310.424	0.0020974
310.924	0.00177333
311.424	0.00144919
311.924	0.00112532
312.424	0.000802039
312.924	0.000479681
313.424	0.000158562
313.924	-0.000160997
314.423	-0.000478683
314.923	-0.000794183
315.423	-0.00110719
315.923	-0.0014174
316.423	-0.00172451
316.923	-0.00202823
317.423	-0.00232828
317.923	-0.00262435
318.422	-0.00291619
318.922	-0.0032035
319.422	-0.00348603
319.922	-0.00376352
320.422	-0.00403571
320.922	-0.00430235
321.422	-0.0045632
321.922	-0.00481803
322.421	-0.00506661
322.921	-0.00530872
323.421	-0.00554415
323.921	-0.0057727
324.421	-0.00599417
324.921	-0.00620838
325.421	-0.00641514
325.921	-0.00661428
326.421	-0.00680564
326.92	-0.00698906
327.42	-0.00716441
327.92	-0.00733155
328.42	-0.00749034
328.92	-0.00764067
329.42	-0.00778243
329.92	-0.00791553
330.42	-0.00803986
330.919	-0.00815535
331.419	-0.00826193
331.919	-0.00835953
332.419	-0.0084481
332.919	-0.00852759
333.419	-0.00859798
333.919	-0.00865923
334.419	-0.00871133
334.918	-0.00875427
335.418	-0.00878805
335.918	-0.00881269
336.418	-0.00882821
336.918	-0.00883463
337.418	-0.00883199
337.918	-0.00882035
338.418	-0.00879975
338.917	-0.00877027
339.417	-0.00873197
339.917	-0.00868494
340.417	-0.00862927
340.917	-0.00856506
341.417	-0.00849241
341.917	-0.00841144
342.417	-0.00832227
342.916	-0.00822503
343.416	-0.00811987
343.916	-0.00800691
344.416	-0.00788633
344.916	-0.00775827
345.416	-0.0076229
345.916	-0.00748039
346.416	-0.00733093
346.916	-0.0071747
347.415	-0.00701188
347.915	-0.00684268
348.415	-0.00666729
348.915	-0.00648593
349.415	-0.0062988
349.915	-0.00610612
350.415	-0.00590812
350.915	-0.00570502
351.414	-0.00549705
351.914	-0.00528444
352.414	-0.00506743
352.914	-0.00484627
353.414	-0.00462119
353.914	-0.00439244
354.414	-0.00416027
354.914	-0.00392493
355.413	-0.00368668
355.913	-0.00344576
356.413	-0.00320245
356.913	-0.00295698
357.413	-0.00270963
357.913	-0.00246065
358.413	-0.00221031
358.913	-0.00195885
359.412	-0.00170655
359.912	-0.00145365
360.412	-0.00120043
360.912	-0.000947136
361.412	-0.000694027
361.912	-0.000441359
362.412	-0.000189385
362.912	6.16415e-05
363.411	0.000311471
363.911	0.000559855
364.411	0.000806549
364.911	0.00105131
365.411	0.0012939
365.911	0.00153408
366.411	0.00177162
366.911	0.0020063
367.411	0.00223787
367.91	0.00246614
368.41	0.00269087
368.91	0.00291186
369.41	0.00312889
369.91	0.00334177
370.41	0.00355031
370.91	0.00375429
371.41	0.00395355
371.909	0.0041479
372.409	0.00433717
372.909	0.00452117
373.409	0.00469976
373.909	0.00487277
374.409	0.00504006
374.909	0.00520147
375.409	0.00535688
375.908	0.00550614
376.408	0.00564914
376.908	0.00578575
377.408	0.00591588
377.908	0.0060394
378.408	0.00615623
378.908	0.00626627
379.408	0.00636945
379.907	0.00646569
380.407	0.00655492
380.907	0.00663707
381.407	0.00671211
381.907	0.00677998
382.407	0.00684064
382.907	0.00689406
383.407	0.00694023
383.906	0.00697911
384.406	0.00701072
384.906	0.00703503
385.406	0.00705207
385.906	0.00706184
386.406	0.00706436
386.906	0.00705966
387.406	0.00704778
387.905	0.00702877
388.405	0.00700265
388.905	0.00696951
389.405	0.00692939
389.905	0.00688236
390.405	0.00682851
390.905	0.00676792
391.405	0.00670067
391.905	0.00662687
392.404	0.0065466
392.904	0.00645999
393.404	0.00636715
393.904	0.00626819
394.404	0.00616323
394.904	0.00605242
395.404	0.00593589
395.904	0.00581378
396.403	0.00568623
396.903	0.0055534
397.403	0.00541545
397.903	0.00527252
398.403	0.0051248
398.903	0.00497245
399.403	0.00481563
399.903	0.00465454
400.402	0.00448934
400.902	0.00432023
401.402	0.00414738
401.902	0.003971
402.402	0.00379127
402.902	0.00360839
403.402	0.00342256
403.902	0.00323397
404.401	0.00304284
404.901	0.00284935
405.401	0.00265373
405.901	0.00245617
406.401	0.00225689
406.901	0.00205608
407.401	0.00185397
407.901	0.00165076
408.4	0.00144667
408.9	0.00124189
409.4	0.00103665
409.9	0.000831157
410.4	0.000625613
410.9	0.00042023
411.4	0.000215216
411.9	1.07768e-05
412.4	-0.000192882
412.899	-0.000395556
413.399	-0.000597046
413.899	-0.000797149
414.399	-0.00099567
414.899	-0.00119241
415.399	-0.00138718
415.899	-0.00157979
416.399	-0.00177006
416.898	-0.00195779
417.398	-0.00214281
417.898	-0.00232494
418.398	-0.002504
418.898	-0.00267983
419.398	-0.00285226
419.898	-0.00302113
420.398	-0.00318628
420.897	-0.00334756
421.397	-0.00350482
421.897	-0.0036579
422.397	-0.00380669
422.897	-0.00395103
423.397	-0.0040908
423.897	-0.00422588
424.397	-0.00435614
424.896	-0.00448147
425.396	-0.00460177
425.896	-0.00471692
426.396	-0.00482684
426.896	-0.00493142
427.396	-0.00503059
427.896	-0.00512426
428.396	-0.00521236
428.895	-0.00529481
429.395	-0.00537156
429.895	-0.00544255
430.395	-0.00550773
430.895	-0.00556705
431.395	-0.00562047
431.895	-0.00566797
432.395	-0.00570951
432.895	-0.00574507
433.394	-0.00577464
433.894	-0.00579822
434.394	-0.00581579
434.894	-0.00582737
435.394	-0.00583295
435.894	-0.00583257
436.394	-0.00582623
436.894	-0.00581398
437.393	-0.00579583
437.893	-0.00577184
438.393	-0.00574204
438.893	-0.00570649
439.393	-0.00566524
439.893	-0.00561835
440.393	-0.0055659
440.893	-0.00550795
441.392	-0.00544459
441.892	-0.00537589
442.392	-0.00530195
442.892	-0.00522286
443.392	-0.00513871
443.892	-0.00504961
444.392	-0.00495567
444.892	-0.004857
445.391	-0.00475371
445.891	-0.00464594
446.391	-0.00453379
446.891	-0.0044174
447.391	-0.0042969
447.891	-0.00417244
448.391	-0.00404414
448.891	-0.00391215
449.39	-0.00377663
449.89	-0.00363771
450.39	-0.00349555
450.89	-0.0033503
451.39	-0.00320213
451.89	-0.00305119
452.39	-0.00289765
452.89	-0.00274167
453.389	-0.00258341
453.889	-0.00242305
454.389	-0.00226075
454.889	-0.00209669
455.389	-0.00193103
455.889	-0.00176396
456.389	-0.00159564
456.889	-0.00142625
457.389	-0.00125596
457.888	-0.00108495
458.388	-0.000913399
458.888	-0.000741478
459.388	-0.000569363
459.888	-0.000397231
460.388	-0.000225254
460.888	-5.36065e-05
461.388	0.000117538
461.887	0.000288009
462.387	0.000457635
462.887	0.000626247
463.387	0.000793679
463.887	0.000959763
464.387	0.00112434
464.887	0.00128724
465.387	0.00144831
465.886	0.00160739
466.386	0.00176433
466.886	0.00191897
467.386	0.00207117
467.886	0.00222077
468.386	0.00236764
468.886	0.00251164
469.386	0.00265263
469.885	0.00279047
470.385	0.00292505
470.885	0.00305622
471.385	0.00318387
471.885	0.00330788
472.385	0.00342814
472.885	0.00354454
473.385	0.00365697
473.884	0.00376534
474.384	0.00386953
474.884	0.00396947
475.384	0.00406506
475.884	0.00415623
476.384	0.00424288
476.884	0.00432496
477.384	0.00440239
477.884	0.0044751
478.383	0.00454305
478.883	0.00460616
479.383	0.00466441
479.883	0.00471773
480.383	0.0047661
480.883	0.00480948
481.383	0.00484785
481.883	0.00488117
482.382	0.00490943
482.882	0.00493261
483.382	0.00495072
483.882	0.00496375
484.382	0.00497169
484.882	0.00497457
485.382	0.00497238
485.882	0.00496515
486.381	0.0049529
486.881	0.00493566
487.381	0.00491346
487.881	0.00488634
488.381	0.00485434
488.881	0.00481751
489.381	0.0047759
489.881	0.00472957
490.38	0.00467857
490.88	0.00462298
491.38	0.00456286
491.88	0.00449829
492.38	0.00442935
492.88	0.00435612
493.38	0.00427869
493.88	0.00419714
494.379	0.00411158
494.879	0.0040221
495.379	0.0039288
495.879	0.00383179
496.379	0.00373118
496.879	0.00362708
497.379	0.00351961
497.879	0.00340888
498.379	0.00329502
498.878	0.00317815
499.378	0.0030584
499.878	0.0029359
500.378	0.00281078
500.878	0.00268317
501.378	0.00255321
501.878	0.00242104
502.378	0.0022868
502.877	0.00215062
503.377	0.00201266
503.877	0.00187306
504.377	0.00173197
504.877	0.00158952
505.377	0.00144587
505.877	0.00130117
506.377	0.00115557
506.876	0.00100921
507.376	0.000862254
507.876	0.00071484
508.376	0.000567122
508.876	0.000419251
509.376	0.000271377
509.876	0.000123648
510.376	-2.37856e-05
510.875	-0.000170777
511.375	-0.000317178
511.875	-0.000462844
512.375	-0.000607628
512.875	-0.000751388
513.375	-0.000893981
513.875	-0.00103527
514.375	-0.00117511
514.874	-0.00131336
515.374	-0.0014499
515.874	-0.00158459
516.374	-0.00171729
516.874	-0.00184788
517.374	-0.00197624
517.874	-0.00210224
518.374	-0.00222576
518.874	-0.00234668
519.373	-0.00246489
519.873	-0.00258027
520.373	-0.00269273
520.873	-0.00280214
521.373	-0.00290842
521.873	-0.00301145
522.373	-0.00311116
522.873	-0.00320744
523.372	-0.00330021
523.872	-0.00338938
524.372	-0.00347488
524.872	-0.00355663
525.372	-0.00363456
525.872	-0.00370859
526.372	-0.00377867
526.872	-0.00384473
527.371	-0.00390673
527.871	-0.0039646
528.371	-0.00401831
528.871	-0.0040678
529.371	-0.00411305
529.871	-0.00415401
530.371	-0.00419066
530.871	-0.00422297
531.37	-0.00425093
531.87	-0.00427451
532.37	-0.0042937
532.87	-0.0043085
533.37	-0.00431891
533.87	-0.00432492
534.37	-0.00432655
534.87	-0.00432379
535.369	-0.00431667
535.869	-0.00430521
536.369	-0.00428943
536.869	-0.00426936
537.369	-0.00424502
537.869	-0.00421646
538.369	-0.00418372
538.869	-0.00414683
539.368	-0.00410586
539.868	-0.00406085
540.368	-0.00401185
540.868	-0.00395893
541.368	-0.00390216
541.868	-0.00384159
542.368	-0.0037773
542.868	-0.00370937
543.368	-0.00363788
543.867	-0.0035629
544.367	-0.00348452
544.867	-0.00340283
545.367	-0.00331793
545.867	-0.00322989
546.367	-0.00313883
546.867	-0.00304484
547.367	-0.00294803
547.866	-0.00284849
548.366	-0.00274635
548.866	-0.0026417
549.366	-0.00253466
549.866	-0.00242535
550.366	-0.00231387
550.866	-0.00220036
551.366	-0.00208492
551.865	-0.00196769
552.365	-0.00184878
552.865	-0.00172831
553.365	-0.00160642
553.865	-0.00148323
554.365	-0.00135887
554.865	-0.00123346
555.365	-0.00110714
555.864	-0.000980038
556.364	-0.00085228
556.864	-0.000723998
557.364	-0.000595323
557.864	-0.000466386
558.364	-0.000337319
558.864	-0.000208251
559.364	-7.9312e-05
559.863	4.93671e-05
560.363	0.000177658
560.863	0.000305431
561.363	0.00043256
561.863	0.000558918
562.363	0.000684379
562.863	0.00080882
563.363	0.000932116
563.863	0.00105415
564.362	0.00117479
564.862	0.00129394
565.362	0.00141146
565.862	0.00152725
566.362	0.00164119
566.862	0.00175318
567.362	0.0018631
567.862	0.00197086
568.361	0.00207634
568.861	0.00217944
569.361	0.00228008
569.861	0.00237814
570.361	0.00247355
570.861	0.00256621
571.361	0.00265603
571.861	0.00274294
572.36	0.00282684
572.86	0.00290767
573.36	0.00298535
573.86	0.00305981
574.36	0.00313099
574.86	0.00319881
575.36	0.00326322
575.86	0.00332416
576.359	0.00338159
576.859	0.00343544
577.359	0.00348568
577.859	0.00353227
578.359	0.00357516
578.859	0.00361432
579.359	0.00364972
579.859	0.00368134
580.358	0.00370916
580.858	0.00373315
581.358	0.00375329
581.858	0.00376959
582.358	0.00378203
582.858	0.00379061
583.358	0.00379533
583.858	0.00379619
584.358	0.00379321
584.857	0.00378639
585.357	0.00377576
585.857	0.00376132
586.357	0.00374312
586.857	0.00372117
587.357	0.0036955
587.857	0.00366615
588.357	0.00363317
588.856	0.00359658
589.356	0.00355644
589.856	0.0035128
590.356	0.0034657
590.856	0.00341521
591.356	0.00336139
591.856	0.00330429
592.356	0.00324398
592.855	0.00318053
593.355	0.00311401
593.855	0.0030445
594.355	0.00297208
594.855	0.00289681
595.355	0.0028188
595.855	0.00273811
596.355	0.00265485
596.854	0.0025691
597.354	0.00248094
597.854	0.00239049
598.354	0.00229783
598.854	0.00220306
599.354	0.00210629
599.854	0.00200761
600.354	0.00190713
600.853	0.00180496
601.353	0.0017012
601.853	0.00159596
602.353	0.00148935
602.853	0.00138148
603.353	0.00127247
603.853	0.00116242
604.353	0.00105146
604.853	0.000939684
605.352	0.000827219
605.852	0.000714178
606.352	0.000600676
606.852	0.000486829
607.352	0.000372752
607.852	0.000258561
608.352	0.000144372
608.852	3.02995e-05
609.351	-8.35413e-05
609.851	-0.000197036
610.351	-0.000310071
610.851	-0.000422534
611.351	-0.000534311
611.851	-0.000645292
612.351	-0.000755367
612.851	-0.000864427
613.35	-0.000972364
613.85	-0.00107907
614.35	-0.00118444
614.85	-0.00128838
615.35	-0.00139078
615.85	-0.00149153
616.35	-0.00159055
616.85	-0.00168774
617.349	-0.001783
617.849	-0.00187624
618.349	-0.00196738
618.849	-0.00205632
619.349	-0.00214297
619.849	-0.00222727
620.349	-0.00230912
620.849	-0.00238846
621.348	-0.0024652
621.848	-0.00253927
622.348	-0.00261061
622.848	-0.00267915
623.348	-0.00274483
623.848	-0.00280758
624.348	-0.00286736
624.848	-0.0029241
625.347	-0.00297776
625.847	-0.00302828
626.347	-0.00307563
626.847	-0.00311977
627.347	-0.00316065
627.847	-0.00319824
628.347	-0.00323251
628.847	-0.00326344
629.347	-0.003291
629.846	-0.00331517
630.346	-0.00333593
630.846	-0.00335327
631.346	-0.00336718
631.846	-0.00337765
632.346	-0.00338468
632.846	-0.00338827
633.346	-0.00338843
633.845	-0.00338516
634.345	-0.00337846
634.845	-0.00336837
635.345	-0.00335488
635.845	-0.00333803
636.345	-0.00331784
636.845	-0.00329434
637.345	-0.00326755
637.844	-0.00323751
638.344	-0.00320426
638.844	-0.00316783
639.344	-0.00312828
639.844	-0.00308565
640.344	-0.00303998
640.844	-0.00299133
641.344	-0.00293976
641.843	-0.00288532
642.343	-0.00282808
642.843	-0.00276809
643.343	-0.00270543
643.843	-0.00264016
644.343	-0.00257235
644.843	-0.00250208
645.343	-0.00242943
645.842	-0.00235446
646.342	-0.00227727
646.842	-0.00219793
647.342	-0.00211654
647.842	-0.00203316
648.342	-0.0019479
648.842	-0.00186084
649.342	-0.00177208
649.842	-0.0016817
650.341	-0.00158981
650.841	-0.00149649
651.341	-0.00140184
651.841	-0.00130597
652.341	-0.00120897
652.841	-0.00111094
653.341	-0.00101198
653.841	-0.0009122
654.34	-0.000811691
654.84	-0.00071056
655.34	-0.000608911
655.84	-0.000506846
656.34	-0.00040447
656.84	-0.000301885
657.34	-0.000199197
657.84	-9.6507e-05
658.339	6.08002e-06
658.839	0.000108461
659.339	0.000210535
659.839	0.000312198
660.339	0.000413349
660.839	0.000513887
661.339	0.000613714
661.839	0.000712728
662.338	0.000810834
662.838	0.000907933
663.338	0.00100393
663.838	0.00109873
664.338	0.00119224
664.838	0.00128437
665.338	0.00137503
665.838	0.00146413
666.337	0.00155159
666.837	0.00163731
667.337	0.00172123
667.837	0.00180324
668.337	0.00188329
668.837	0.00196129
669.337	0.00203716
669.837	0.00211084
670.337	0.00218225
670.836	0.00225133
671.336	0.00231802
671.836	0.00238224
672.336	0.00244394
672.836	0.00250307
673.336	0.00255957
673.836	0.00261338
674.336	0.00266446
674.835	0.00271277
675.335	0.00275825
675.835	0.00280088
676.335	0.0028406
676.835	0.0028774
677.335	0.00291123
677.835	0.00294207
678.335	0.00296989
678.834	0.00299468
679.334	0.0030164
679.834	0.00303506
680.334	0.00305062
680.834	0.00306309
681.334	0.00307246
681.834	0.00307872
682.334	0.00308188
682.833	0.00308193
683.333	0.00307888
683.833	0.00307275
684.333	0.00306354
684.833	0.00305127
685.333	0.00303596
685.833	0.00301762
686.333	0.00299629
686.832	0.00297199
687.332	0.00294474
687.832	0.00291459
688.332	0.00288157
688.832	0.00284572
689.332	0.00280708
689.832	0.00276569
690.332	0.00272159
690.832	0.00267485
691.331	0.00262551
691.831	0.00257363
692.331	0.00251926
692.831	0.00246246
693.331	0.00240329
693.831	0.00234183
694.331	0.00227812
694.831	0.00221225
695.33	0.00214428
695.83	0.00207429
696.33	0.00200234
696.83	0.00192852
697.33	0.0018529
697.83	0.00177557
698.33	0.00169659
698.83	0.00161606
699.329	0.00153406
699.829	0.00145068
700.329	0.00136599
700.829	0.00128009
701.329	0.00119306
701.829	0.00110501
702.329	0.001016
702.829	0.000926148
703.328	0.000835531
703.828	0.000744244
704.328	0.000652382
704.828	0.000560036
705.328	0.000467302
705.828	0.000374271
706.328	0.000281039
706.828	0.0001877
707.327	9.43458e-05
707.827	1.07184e-06
708.327	-9.20289e-05
708.827	-0.000184863
709.327	-0.000277339
709.827	-0.000369364
710.327	-0.000460846
710.827	-0.000551695
711.326	-0.000641821
711.826	-0.000731134
712.326	-0.000819548
712.826	-0.000906974
713.326	-0.000993327
713.826	-0.00107852
714.326	-0.00116248
714.826	-0.00124511
715.326	-0.00132634
715.825	-0.00140608
716.325	-0.00148427
716.825	-0.00156082
717.325	-0.00163566
717.825	-0.00170872
718.325	-0.00177994
718.825	-0.00184923
719.325	-0.00191654
719.824	-0.0019818
720.324	-0.00204495
720.824	-0.00210593
721.324	-0.00216469
721.824	-0.00222116
722.324	-0.0022753
722.824	-0.00232706
723.324	-0.00237638
723.823	-0.00242323
724.323	-0.00246756
724.823	-0.00250934
725.323	-0.00254851
725.823	-0.00258506
726.323	-0.00261895
726.823	-0.00265014
727.323	-0.00267862
727.822	-0.00270436
728.322	-0.00272733
728.822	-0.00274753
729.322	-0.00276493
729.822	-0.00277953
730.322	-0.00279131
730.822	-0.00280027
731.322	-0.0028064
731.821	-0.0028097
732.321	-0.00281018
732.821	-0.00280784
733.321	-0.00280268
733.821	-0.00279472
734.321	-0.00278397
734.821	-0.00277045
735.321	-0.00275417
735.821	-0.00273515
736.32	-0.00271343
736.82	-0.00268902
737.32	-0.00266197
737.82	-0.00263228
738.32	-0.00260002
738.82	-0.0025652
739.32	-0.00252787
739.82	-0.00248807
740.319	-0.00244585
740.819	-0.00240125
741.319	-0.00235433
741.819	-0.00230512
742.319	-0.0022537
742.819	-0.0022001
743.319	-0.0021444
743.819	-0.00208664
744.318	-0.0020269
744.818	-0.00196523
745.318	-0.00190171
745.818	-0.00183639
746.318	-0.00176935
746.818	-0.00170065
747.318	-0.00163037
747.818	-0.00155859
748.317	-0.00148537
748.817	-0.00141079
749.317	-0.00133494
749.817	-0.00125788
750.317	-0.0011797
750.817	-0.00110048
751.317	-0.0010203
751.817	-0.000939242
752.316	-0.000857389
752.816	-0.000774825
753.316	-0.000691633
753.816	-0.0006079
754.316	-0.000523708
754.816	-0.000439145
755.316	-0.000354295
755.816	-0.000269244
756.316	-0.000184078
756.815	-9.88824e-05
757.315	-1.3743e-05
757.815	7.12549e-05
758.315	0.000156026
758.815	0.000240486
759.315	0.000324551
759.815	0.000408136
760.315	0.000491159
760.814	0.000573537
761.314	0.000655189
761.814	0.000736034
762.314	0.000815992
762.814	0.000894985
763.314	0.000972935
763.814	0.00104976
764.314	0.0011254
764.813	0.00119977
765.313	0.00127279
765.813	0.00134441
766.313	0.00141454
766.813	0.00148312
767.313	0.00155009
767.813	0.00161538
768.313	0.00167892
768.812	0.00174066
769.312	0.00180054
769.812	0.0018585
770.312	0.00191449
770.812	0.00196845
771.312	0.00202033
771.812	0.00207008
772.312	0.00211767
772.811	0.00216303
773.311	0.00220614
773.811	0.00224695
774.311	0.00228543
774.811	0.00232153
775.311	0.00235524
775.811	0.00238651
776.311	0.00241533
776.811	0.00244166
777.31	0.00246548
777.81	0.00248678
778.31	0.00250554
778.81	0.00252174
779.31	0.00253537
779.81	0.00254643
780.31	0.0025549
780.81	0.00256078
781.309	0.00256407
781.809	0.00256476
782.309	0.00256288
782.809	0.00255841
783.309	0.00255137
783.809	0.00254178
784.309	0.00252963
784.809	0.00251496
785.308	0.00249778
785.808	0.00247811
786.308	0.00245597
786.808	0.0024314
787.308	0.00240442
787.808	0.00237505
788.308	0.00234335
788.808	0.00230933
789.307	0.00227304
789.807	0.00223452
790.307	0.00219381
790.807	0.00215095
791.307	0.002106
791.807	0.002059
792.307	0.00201
792.807	0.00195905
793.306	0.00190621
793.806	0.00185154
794.306	0.00179508
794.806	0.00173691
795.306	0.00167709
795.806	0.00161566
796.306	0.00155271
796.806	0.00148829
797.305	0.00142248
797.805	0.00135534
798.305	0.00128693
798.805	0.00121734
799.305	0.00114664
799.805	0.00107488
800.305	0.00100216
800.805	0.000928545
801.305	0.000854108
801.804	0.000778926
802.304	0.000703077
802.804	0.000626637
803.304	0.000549685
803.804	0.000472299
804.304	0.000394556
804.804	0.000316536
805.304	0.000238318
805.803	0.00015998
806.303	8.1601e-05
806.803	3.26004e-06
807.303	-7.49643e-05
807.803	-0.000152994
808.303	-0.00023075
808.803	-0.000308156
809.303	-0.000385134
809.802	-0.000461607
810.302	-0.0005375
810.802	-0.000612738
811.302	-0.000687244
811.802	-0.000760947
812.302	-0.000833773
812.802	-0.000905651
813.302	-0.000976509
813.801	-0.00104628
814.301	-0.00111489
814.801	-0.00118228
815.301	-0.00124838
815.801	-0.00131312
816.301	-0.00137645
816.801	-0.00143829
817.301	-0.0014986
817.8	-0.00155731
818.3	-0.00161437
818.8	-0.00166972
819.3	-0.00172331
819.8	-0.00177509
820.3	-0.001825
820.8	-0.00187301
821.3	-0.00191906
821.8	-0.00196312
822.299	-0.00200514
822.799	-0.00204507
823.299	-0.0020829
823.799	-0.00211857
824.299	-0.00215207
824.799	-0.00218335
825.299	-0.00221239
825.799	-0.00223916
826.298	-0.00226365
826.798	-0.00228582
827.298	-0.00230567
827.798	-0.00232316
828.298	-0.0023383
828.798	-0.00235107
829.298	-0.00236145
829.798	-0.00236945
830.297	-0.00237505
830.797	-0.00237826
831.297	-0.00237907
831.797	-0.00237749
832.297	-0.00237353
832.797	-0.00236718
833.297	-0.00235847
833.797	-0.0023474
834.296	-0.00233399
834.796	-0.00231825
835.296	-0.0023002
835.796	-0.00227987
836.296	-0.00225728
836.796	-0.00223245
837.296	-0.00220541
837.796	-0.0021762
838.295	-0.00214484
838.795	-0.00211137
839.295	-0.00207583
839.795	-0.00203825
840.295	-0.00199868
840.795	-0.00195716
841.295	-0.00191373
841.795	-0.00186843
842.295	-0.00182133
842.794	-0.00177246
843.294	-0.00172188
843.794	-0.00166964
844.294	-0.00161579
844.794	-0.0015604
845.294	-0.00150351
845.794	-0.0014452
846.294	-0.00138551
846.793	-0.00132452
847.293	-0.00126228
847.793	-0.00119885
848.293	-0.00113431
848.793	-0.00106872
849.293	-0.00100215
849.793	-0.000934659
850.293	-0.000866322
850.792	-0.000797209
851.292	-0.000727388
851.792	-0.000656932
852.292	-0.000585912
852.792	-0.000514399
853.292	-0.000442465
853.792	-0.000370184
854.292	-0.000297628
854.791	-0.00022487
855.291	-0.000151983
855.791	-7.90406e-05
856.291	-6.11549e-06
856.791	6.67194e-05
857.291	0.000139391
857.791	0.000211827
858.291	0.000283956
858.79	0.000355705
859.29	0.000427004
859.79	0.000497781
860.29	0.000567967
860.79	0.000637493
861.29	0.000706289
861.79	0.000774287
862.29	0.000841422
862.789	0.000907627
863.289	0.000972837
863.789	0.00103699
864.289	0.00110002
864.789	0.00116187
865.289	0.00122247
865.789	0.00128177
866.289	0.00133972
866.789	0.00139624
867.288	0.0014513
867.788	0.00150484
868.288	0.0015568
868.788	0.00160713
869.288	0.0016558
869.788	0.00170274
870.288	0.00174793
870.788	0.0017913
871.287	0.00183284
871.787	0.00187248
872.287	0.00191021
872.787	0.00194597
873.287	0.00197975
873.787	0.0020115
874.287	0.0020412
874.787	0.00206883
875.286	0.00209436
875.786	0.00211776
876.286	0.00213901
876.786	0.00215811
877.286	0.00217502
877.786	0.00218974
878.286	0.00220225
878.786	0.00221256
879.285	0.00222064
879.785	0.00222649
880.285	0.00223011
880.785	0.00223151
881.285	0.00223067
881.785	0.00222762
882.285	0.00222234
882.785	0.00221486
883.284	0.00220518
883.784	0.00219331
884.284	0.00217926
884.784	0.00216307
885.284	0.00214474
885.784	0.0021243
886.284	0.00210176
886.784	0.00207716
887.284	0.00205052
887.783	0.00202188
888.283	0.00199126
888.783	0.00195869
889.283	0.00192422
889.783	0.00188787
890.283	0.00184969
890.783	0.00180973
891.283	0.00176801
891.782	0.00172458
892.282	0.0016795
892.782	0.00163281
893.282	0.00158455
893.782	0.00153478
894.282	0.00148355
894.782	0.00143091
895.282	0.00137692
895.781	0.00132163
896.281	0.00126509
896.781	0.00120738
897.281	0.00114855
897.781	0.00108865
898.281	0.00102775
898.781	0.000965908
899.281	0.000903193
899.78	0.000839665
900.28	0.00077539
900.78	0.000710432
901.28	0.000644857
901.78	0.000578732
902.28	0.000512123
902.78	0.000445098
903.28	0.000377724
903.779	0.000310069
904.279	0.0002422
904.779	0.000174186
905.279	0.000106096
905.779	3.7996e-05
906.279	-3.00445e-05
906.779	-9.79582e-05
907.279	-0.000165677
907.779	-0.000233134
908.278	-0.000300263
908.778	-0.000366996
909.278	-0.000433267
909.778	-0.000499011
910.278	-0.000564163
910.778	-0.000628659
911.278	-0.000692435
911.778	-0.000755429
912.277	-0.000817579
912.777	-0.000878823
913.277	-0.000939102
913.777	-0.000998358
914.277	-0.00105653
914.777	-0.00111357
915.277	-0.00116941
915.777	-0.001224
916.276	-0.0012773
916.776	-0.00132924
917.276	-0.00137978
917.776	-0.00142887
918.276	-0.00147646
918.776	-0.00152251
919.276	-0.00156697
919.776	-0.00160981
920.275	-0.00165097
920.775	-0.00169043
921.275	-0.00172814
921.775	-0.00176407
922.275	-0.00179819
922.775	-0.00183046
923.275	-0.00186085
923.775	-0.00188935
924.274	-0.00191591
924.774	-0.00194052
925.274	-0.00196316
925.774	-0.0019838
926.274	-0.00200243
926.774	-0.00201904
927.274	-0.0020336
927.774	-0.0020461
928.274	-0.00205655
928.773	-0.00206492
929.273	-0.00207122
929.773	-0.00207544
930.273	-0.00207758
930.773	-0.00207763
931.273	-0.00207561
931.773	-0.00207152
932.273	-0.00206536
932.772	-0.00205714
933.272	-0.00204688
933.772	-0.00203459
934.272	-0.00202028
934.772	-0.00200397
935.272	-0.00198568
935.772	-0.00196543
936.272	-0.00194324
936.771	-0.00191914
937.271	-0.00189315
937.771	-0.00186531
938.271	-0.00183564
938.771	-0.00180418
939.271	-0.00177095
939.771	-0.001736
940.271	-0.00169936
940.77	-0.00166108
941.27	-0.00162119
941.77	-0.00157973
942.27	-0.00153674
942.77	-0.00149229
943.27	-0.0014464
943.77	-0.00139912
944.27	-0.00135052
944.769	-0.00130063
945.269	-0.00124951
945.769	-0.00119721
946.269	-0.00114379
946.769	-0.00108929
947.269	-0.00103378
947.769	-0.000977318
948.269	-0.000919954
948.768	-0.000861749
949.268	-0.000802763
949.768	-0.000743056
950.268	-0.000682689
950.768	-0.000621722
951.268	-0.000560218
951.768	-0.00049824
952.268	-0.000435849
952.768	-0.000373108
953.267	-0.000310082
953.767	-0.000246833
954.267	-0.000183425
954.767	-0.000119921
955.267	-5.63862e-05
955.767	7.1168e-06
956.267	7.05242e-05
956.767	0.000133773
957.266	0.000196799
957.766	0.000259541
958.266	0.000321936
958.766	0.000383921
959.266	0.000445435
959.766	0.000506418
960.266	0.000566809
960.766	0.000626548
961.265	0.000685576
961.765	0.000743835
962.265	0.000801269
962.765	0.000857819
963.265	0.000913431
963.765	0.000968051
964.265	0.00102162
964.765	0.0010741
965.264	0.00112543
965.764	0.00117555
966.264	0.00122443
966.764	0.00127202
967.264	0.00131826
967.764	0.00136311
968.264	0.00140654
968.764	0.0014485
969.263	0.00148894
969.763	0.00152784
970.263	0.00156515
970.763	0.00160084
971.263	0.00163487
971.763	0.00166722
972.263	0.00169785
972.763	0.00172673
973.263	0.00175384
973.762	0.00177915
974.262	0.00180264
974.762	0.00182429
975.262	0.00184408
975.762	0.00186199
976.262	0.001878
976.762	0.00189211
977.262	0.0019043
977.761	0.00191455
978.261	0.00192287
978.761	0.00192925
979.261	0.00193368
979.761	0.00193616
980.261	0.00193669
980.761	0.00193527
981.261	0.00193191
981.76	0.00192661
982.26	0.00191938
982.76	0.00191023
983.26	0.00189917
983.76	0.00188621
984.26	0.00187137
984.76	0.00185467
985.26	0.00183613
985.759	0.00181576
986.259	0.00179359
986.759	0.00176965
987.259	0.00174395
987.759	0.00171653
988.259	0.00168742
988.759	0.00165665
989.259	0.00162425
989.758	0.00159025
990.258	0.00155469
990.758	0.00151762
991.258	0.00147906
991.758	0.00143905
992.258	0.00139765
992.758	0.00135489
993.258	0.00131082
993.758	0.00126548
994.257	0.00121893
994.757	0.0011712
995.257	0.00112234
995.757	0.00107242
996.257	0.00102147
996.757	0.000969554
997.257	0.000916721
997.757	0.000863027
998.256	0.000808524
998.756	0.000753271
999.256	0.000697321
999.756	0.000640732
1000.26	0.000583562
1000.76	0.000525869
1001.26	0.00046771
1001.76	0.000409144
1002.26	0.000350231
1002.76	0.00029103
1003.26	0.0002316
1003.76	0.000172002
1004.25	0.000112294
1004.75	5.25379e-05
1005.25	-7.20794e-06
1005.75	-6.68832e-05
1006.25	-0.000126428
1006.75	-0.000185784
1007.25	-0.000244891
1007.75	-0.00030369
1008.25	-0.000362123
1008.75	-0.000420132
1009.25	-0.00047766
1009.75	-0.000534649
1010.25	-0.000591043
1010.75	-0.000646786
1011.25	-0.000701823
1011.75	-0.0007561
1012.25	-0.000809564
1012.75	-0.000862161
1013.25	-0.000913841
1013.75	-0.000964553
1014.25	-0.00101425
1014.75	-0.00106287
1015.25	-0.00111039
1015.75	-0.00115674
1016.25	-0.00120189
1016.75	-0.00124579
1017.25	-0.00128839
1017.75	-0.00132967
1018.25	-0.00136957
1018.75	-0.00140806
1019.25	-0.0014451
1019.75	-0.00148066
1020.25	-0.0015147
1020.75	-0.0015472
1021.25	-0.00157811
1021.75	-0.00160741
1022.25	-0.00163508
1022.75	-0.00166108
1023.25	-0.0016854
1023.75	-0.001708
1024.25	-0.00172888
1024.75	-0.001748
1025.25	-0.00176537
1025.75	-0.00178094
1026.25	-0.00179473
1026.75	-0.0018067
1027.25	-0.00181686
1027.75	-0.00182519
1028.25	-0.00183169
1028.75	-0.00183636
1029.25	-0.00183918
1029.75	-0.00184017
1030.25	-0.00183931
1030.75	-0.00183662
1031.25	-0.0018321
1031.75	-0.00182575
1032.25	-0.00181759
1032.75	-0.00180762
1033.25	-0.00179585
1033.75	-0.00178231
1034.25	-0.001767
1034.75	-0.00174994
1035.25	-0.00173115
1035.75	-0.00171065
1036.25	-0.00168846
1036.75	-0.00166461
1037.25	-0.00163913
1037.75	-0.00161203
1038.25	-0.00158335
1038.75	-0.00155312
1039.25	-0.00152137
1039.75	-0.00148814
1040.25	-0.00145345
1040.75	-0.00141735
1041.25	-0.00137987
1041.75	-0.00134106
1042.25	-0.00130094
1042.75	-0.00125957
1043.25	-0.00121698
1043.75	-0.00117322
1044.25	-0.00112833
1044.75	-0.00108237
1045.24	-0.00103537
1045.74	-0.000987384
1046.24	-0.000938463
1046.74	-0.000888655
1047.24	-0.000838011
1047.74	-0.000786583
1048.24	-0.000734421
1048.74	-0.00068158
1049.24	-0.000628111
1049.74	-0.000574071
1050.24	-0.000519512
1050.74	-0.000464489
1051.24	-0.000409059
1051.74	-0.000353276
1052.24	-0.000297197
1052.74	-0.000240878
1053.24	-0.000184374
1053.74	-0.000127743
1054.24	-7.10417e-05
1054.74	-1.43257e-05
1055.24	4.23482e-05
1055.74	9.89236e-05
1056.24	0.000155344
1056.74	0.000211554
1057.24	0.000267497
1057.74	0.000323119
1058.24	0.000378363
1058.74	0.000433176
1059.24	0.000487504
1059.74	0.000541292
1060.24	0.000594487
1060.74	0.000647039
1061.24	0.000698894
1061.74	0.000750002
1062.24	0.000800313
1062.74	0.000849778
1063.24	0.000898349
1063.74	0.000945977
1064.24	0.000992617
1064.74	0.00103822
1065.24	0.00108275
1065.74	0.00112616
1066.24	0.0011684
1066.74	0.00120944
1067.24	0.00124924
1067.74	0.00128775
1068.24	0.00132495
1068.74	0.00136079
1069.24	0.00139525
1069.74	0.00142828
1070.24	0.00145986
1070.74	0.00148996
1071.24	0.00151854
1071.74	0.00154559
1072.24	0.00157108
1072.74	0.00159498
1073.24	0.00161727
1073.74	0.00163794
1074.24	0.00165695
1074.74	0.00167431
1075.24	0.00168998
1075.74	0.00170395
1076.24	0.00171623
1076.74	0.00172678
1077.24	0.00173561
1077.74	0.00174271
1078.24	0.00174807
1078.74	0.0017517
1079.24	0.00175358
1079.74	0.00175371
1080.24	0.00175211
1080.74	0.00174877
1081.24	0.0017437
1081.74	0.00173691
1082.24	0.0017284
1082.74	0.00171818
1083.24	0.00170627
1083.74	0.00169269
1084.24	0.00167743
1084.74	0.00166053
1085.24	0.00164201
1085.74	0.00162187
1086.23	0.00160015
1086.73	0.00157686
1087.23	0.00155204
1087.73	0.0015257
1088.23	0.00149788
1088.73	0.00146861
1089.23	0.00143791
1089.73	0.00140583
1090.23	0.00137238
1090.73	0.00133761
1091.23	0.00130155
1091.73	0.00126425
1092.23	0.00122573
1092.73	0.00118604
1093.23	0.00114522
1093.73	0.00110331
1094.23	0.00106036
1094.73	0.0010164
1095.23	0.000971491
1095.73	0.000925667
1096.23	0.000878978
1096.73	0.000831472
1097.23	0.000783197
1097.73	0.000734202
1098.23	0.000684536
1098.73	0.000634251
1099.23	0.000583396
1099.73	0.000532022
1100.23	0.000480183
1100.73	0.000427929
1101.23	0.000375313
1101.73	0.000322388
1102.23	0.000269208
1102.73	0.000215824
1103.23	0.000162292
1103.73	0.000108663
1104.23	5.49922e-05
1104.73	1.33259e-06
1105.23	-5.22624e-05
1105.73	-0.00010574
1106.23	-0.000159046
1106.73	-0.000212128
1107.23	-0.000264933
1107.73	-0.00031741
1108.23	-0.000369506
1108.73	-0.00042117
1109.23	-0.00047235
1109.73	-0.000522997
1110.23	-0.000573061
1110.73	-0.000622492
1111.23	-0.000671241
1111.73	-0.000719262
1112.23	-0.000766506
1112.73	-0.000812929
1113.23	-0.000858483
1113.73	-0.000903126
1114.23	-0.000946813
1114.73	-0.000989503
1115.23	-0.00103115
1115.73	-0.00107172
1116.23	-0.00111118
1116.73	-0.00114947
1117.23	-0.00118657
1117.73	-0.00122244
1118.23	-0.00125705
1118.73	-0.00129036
1119.23	-0.00132235
1119.73	-0.00135297
1120.23	-0.00138221
1120.73	-0.00141003
1121.23	-0.0014364
1121.73	-0.00146132
1122.23	-0.00148474
1122.73	-0.00150665
1123.23	-0.00152703
1123.73	-0.00154586
1124.23	-0.00156313
1124.73	-0.00157881
1125.23	-0.00159289
1125.73	-0.00160537
1126.23	-0.00161623
1126.73	-0.00162546
1127.22	-0.00163305
1127.72	-0.00163901
1128.22	-0.00164331
1128.72	-0.00164597
1129.22	-0.00164698
1129.72	-0.00164635
1130.22	-0.00164407
1130.72	-0.00164014
1131.22	-0.00163459
1131.72	-0.0016274
1132.22	-0.00161859
1132.72	-0.00160818
1133.22	-0.00159617
1133.72	-0.00158258
1134.22	-0.00156742
1134.72	-0.00155071
1135.22	-0.00153247
1135.72	-0.00151272
1136.22	-0.00149147
1136.72	-0.00146876
1137.22	-0.00144461
1137.72	-0.00141904
1138.22	-0.00139207
1138.72	-0.00136375
1139.22	-0.00133409
1139.72	-0.00130313
1140.22	-0.00127091
1140.72	-0.00123744
1141.22	-0.00120278
1141.72	-0.00116695
1142.22	-0.00113
1142.72	-0.00109196
1143.22	-0.00105286
1143.72	-0.00101276
1144.22	-0.000971684
1144.72	-0.000929684
1145.22	-0.000886801
1145.72	-0.000843078
1146.22	-0.00079856
1146.72	-0.000753291
1147.22	-0.000707319
1147.72	-0.000660689
1148.22	-0.00061345
1148.72	-0.000565649
1149.22	-0.000517333
1149.72	-0.000468554
1150.22	-0.000419358
1150.72	-0.000369797
1151.22	-0.000319919
1151.72	-0.000269776
1152.22	-0.000219417
1152.72	-0.000168893
1153.22	-0.000118255
1153.72	-6.75541e-05
1154.22	-1.68401e-05
1154.72	3.38359e-05
1155.22	8.44232e-05
1155.72	0.000134871
1156.22	0.00018513
1156.72	0.000235149
1157.22	0.000284879
1157.72	0.000334271
1158.22	0.000383274
1158.72	0.000431842
1159.22	0.000479925
1159.72	0.000527476
1160.22	0.000574447
1160.72	0.000620794
1161.22	0.000666469
1161.72	0.000711429
1162.22	0.000755628
1162.72	0.000799023
1163.22	0.000841572
1163.72	0.000883233
1164.22	0.000923965
1164.72	0.000963728
1165.22	0.00100248
1165.72	0.0010402
1166.22	0.00107682
1166.72	0.00111234
1167.22	0.0011467
1167.72	0.00117987
1168.21	0.00121183
1168.71	0.00124254
1169.21	0.00127197
1169.71	0.0013001
1170.21	0.00132689
1170.71	0.00135233
1171.21	0.00137639
1171.71	0.00139904
1172.21	0.00142026
1172.71	0.00144004
1173.21	0.00145835
1173.71	0.00147519
1174.21	0.00149052
1174.71	0.00150435
1175.21	0.00151665
1175.71	0.00152742
1176.21	0.00153665
1176.71	0.00154433
1177.21	0.00155045
1177.71	0.001555
1178.21	0.001558
1178.71	0.00155942
1179.21	0.00155928
1179.71	0.00155758
1180.21	0.00155431
1180.71	0.00154949
1181.21	0.00154312
1181.71	0.0015352
1182.21	0.00152575
1182.71	0.00151478
1183.21	0.0015023
1183.71	0.00148832
1184.21	0.00147286
1184.71	0.00145594
1185.21	0.00143757
1185.71	0.00141777
1186.21	0.00139657
1186.71	0.00137399
1187.21	0.00135004
1187.71	0.00132477
1188.21	0.00129818
1188.71	0.00127032
1189.21	0.0012412
1189.71	0.00121087
1190.21	0.00117934
1190.71	0.00114666
1191.21	0.00111286
1191.71	0.00107796
1192.21	0.00104202
1192.71	0.00100506
1193.21	0.000967118
1193.71	0.00092824
1194.21	0.000888463
1194.71	0.000847826
1195.21	0.000806371
1195.71	0.000764141
1196.21	0.000721178
1196.71	0.000677526
1197.21	0.000633229
1197.71	0.000588331
1198.21	0.000542878
1198.71	0.000496916
1199.21	0.000450491
1199.71	0.000403649
1200.21	0.000356438
1200.71	0.000308906
1201.21	0.0002611
1201.71	0.000213067
1202.21	0.000164856
1202.71	0.000116515
1203.21	6.80932e-05
1203.71	1.96379e-05
1204.21	-2.88024e-05
1204.71	-7.71792e-05
1205.21	-0.000125444
1205.71	-0.00017355
1206.21	-0.000221448
1206.71	-0.000269091
1207.21	-0.000316432
1207.71	-0.000363424
1208.21	-0.00041002
1208.71	-0.000456174
1209.2	-0.00050184
1209.7	-0.000546974
1210.2	-0.000591531
1210.7	-0.000635467
1211.2	-0.000678739
1211.7	-0.000721304
1212.2	-0.000763121
1212.7	-0.000804148
1213.2	-0.000844345
1213.7	-0.000883673
1214.2	-0.000922094
1214.7	-0.000959569
1215.2	-0.000996063
1215.7	-0.00103154
1216.2	-0.00106597
1216.7	-0.00109931
1217.2	-0.00113153
1217.7	-0.0011626
1218.2	-0.0011925
1218.7	-0.00122119
1219.2	-0.00124864
1219.7	-0.00127484
1220.2	-0.00129975
1220.7	-0.00132334
1221.2	-0.00134561
1221.7	-0.00136652
1222.2	-0.00138606
1222.7	-0.00140421
1223.2	-0.00142095
1223.7	-0.00143627
1224.2	-0.00145015
1224.7	-0.00146258
1225.2	-0.00147355
1225.7	-0.00148305
1226.2	-0.00149107
1226.7	-0.0014976
1227.2	-0.00150265
1227.7	-0.00150619
1228.2	-0.00150824
1228.7	-0.0015088
1229.2	-0.00150785
1229.7	-0.00150541
1230.2	-0.00150148
1230.7	-0.00149606
1231.2	-0.00148917
1231.7	-0.0014808
1232.2	-0.00147097
1232.7	-0.00145969
1233.2	-0.00144697
1233.7	-0.00143283
1234.2	-0.00141728
1234.7	-0.00140033
1235.2	-0.00138201
1235.7	-0.00136234
1236.2	-0.00134133
1236.7	-0.001319
1237.2	-0.00129539
1237.7	-0.00127052
1238.2	-0.0012444
1238.7	-0.00121708
1239.2	-0.00118856
1239.7	-0.0011589
1240.2	-0.00112811
1240.7	-0.00109623
1241.2	-0.00106329
1241.7	-0.00102932
1242.2	-0.000994362
1242.7	-0.000958447
1243.2	-0.000921613
1243.7	-0.000883896
1244.2	-0.000845335
1244.7	-0.00080597
1245.2	-0.000765839
1245.7	-0.000724984
1246.2	-0.000683445
1246.7	-0.000641264
1247.2	-0.000598485
1247.7	-0.000555149
1248.2	-0.0005113
1248.7	-0.000466982
1249.2	-0.00042224
1249.69	-0.000377119
1250.19	-0.000331663
1250.69	-0.000285918
1251.19	-0.000239929
1251.69	-0.000193743
1252.19	-0.000147405
1252.69	-0.000100962
1253.19	-5.44598e-05
1253.69	-7.94425e-06
1254.19	3.85382e-05
1254.69	8.49415e-05
1255.19	0.00013122
1255.69	0.000177327
1256.19	0.000223218
1256.69	0.000268846
1257.19	0.000314168
1257.69	0.000359139
1258.19	0.000403713
1258.69	0.000447848
1259.19	0.000491499
1259.69	0.000534625
1260.19	0.000577182
1260.69	0.000619129
1261.19	0.000660425
1261.69	0.00070103
1262.19	0.000740903
1262.69	0.000780007
1263.19	0.000818303
1263.69	0.000855753
1264.19	0.000892321
1264.69	0.000927973
1265.19	0.000962672
1265.69	0.000996387
1266.19	0.00102908
1266.69	0.00106073
1267.19	0.0010913
1267.69	0.00112076
1268.19	0.00114908
1268.69	0.00117624
1269.19	0.0012022
1269.69	0.00122696
1270.19	0.00125047
1270.69	0.00127273
1271.19	0.0012937
1271.69	0.00131337
1272.19	0.00133172
1272.69	0.00134874
1273.19	0.00136441
1273.69	0.00137871
1274.19	0.00139163
1274.69	0.00140316
1275.19	0.00141329
1275.69	0.00142201
1276.19	0.00142931
1276.69	0.0014352
1277.19	0.00143965
1277.69	0.00144268
1278.19	0.00144427
1278.69	0.00144443
1279.19	0.00144317
1279.69	0.00144047
1280.19	0.00143635
1280.69	0.00143081
1281.19	0.00142386
1281.69	0.00141551
1282.19	0.00140577
1282.69	0.00139464
1283.19	0.00138214
1283.69	0.00136829
1284.19	0.00135309
1284.69	0.00133657
1285.19	0.00131874
1285.69	0.00129963
1286.19	0.00127925
1286.69	0.00125762
1287.19	0.00123476
1287.69	0.00121071
1288.19	0.00118548
1288.69	0.00115911
1289.19	0.00113161
1289.69	0.00110302
1290.19	0.00107337
1290.68	0.00104269
1291.18	0.001011
1291.68	0.000978345
1292.18	0.000944755
1292.68	0.000910265
1293.18	0.000874909
1293.68	0.000838723
1294.18	0.000801744
1294.68	0.00076401
1295.18	0.000725559
1295.68	0.00068643
1296.18	0.000646663
1296.68	0.000606297
1297.18	0.000565374
1297.68	0.000523934
1298.18	0.00048202
1298.68	0.000439673
1299.18	0.000396937
1299.68	0.000353854
1300.18	0.000310467
1300.68	0.00026682
1301.18	0.000222957
1301.68	0.00017892
1302.18	0.000134755
1302.68	9.05061e-05
1303.18	4.62163e-05
1303.68	1.93021e-06
1304.18	-4.2308e-05
1304.68	-8.64545e-05
1305.18	-0.000130465
1305.68	-0.000174297
1306.18	-0.000217905
1306.68	-0.000261248
1307.18	-0.000304281
1307.68	-0.000346963
1308.18	-0.000389252
1308.68	-0.000431105
1309.18	-0.000472481
1309.68	-0.000513339
1310.18	-0.000553641
1310.68	-0.000593344
1311.18	-0.000632412
1311.68	-0.000670805
1312.18	-0.000708486
1312.68	-0.000745417
1313.18	-0.000781564
1313.68	-0.00081689
1314.18	-0.000851362
1314.68	-0.000884945
1315.18	-0.000917607
1315.68	-0.000949316
1316.18	-0.000980042
1316.68	-0.00100976
1317.18	-0.00103843
1317.68	-0.00106603
1318.18	-0.00109254
1318.68	-0.00111792
1319.18	-0.00114216
1319.68	-0.00116523
1320.18	-0.00118711
1320.68	-0.00120778
1321.18	-0.00122722
1321.68	-0.00124541
1322.18	-0.00126234
1322.68	-0.00127798
1323.18	-0.00129233
1323.68	-0.00130536
1324.18	-0.00131708
1324.68	-0.00132747
1325.18	-0.00133651
1325.68	-0.00134421
1326.18	-0.00135055
1326.68	-0.00135554
1327.18	-0.00135916
1327.68	-0.00136141
1328.18	-0.0013623
1328.68	-0.00136182
1329.18	-0.00135998
1329.68	-0.00135677
1330.18	-0.00135221
1330.68	-0.0013463
1331.18	-0.00133904
1331.67	-0.00133045
1332.17	-0.00132053
1332.67	-0.0013093
1333.17	-0.00129676
1333.67	-0.00128294
1334.17	-0.00126784
1334.67	-0.00125148
1335.17	-0.00123389
1335.67	-0.00121507
1336.17	-0.00119505
1336.67	-0.00117385
1337.17	-0.0011515
1337.67	-0.001128
1338.17	-0.0011034
1338.67	-0.00107771
1339.17	-0.00105097
1339.67	-0.00102319
1340.17	-0.000994411
1340.67	-0.000964659
1341.17	-0.000933966
1341.67	-0.000902363
1342.17	-0.000869881
1342.67	-0.000836555
1343.17	-0.000802417
1343.67	-0.000767504
1344.17	-0.00073185
1344.67	-0.000695491
1345.17	-0.000658466
1345.67	-0.00062081
1346.17	-0.000582563
1346.67	-0.000543762
1347.17	-0.000504448
1347.67	-0.00046466
1348.17	-0.000424438
1348.67	-0.000383822
1349.17	-0.000342854
1349.67	-0.000301574
1350.17	-0.000260025
1350.67	-0.000218247
1351.17	-0.000176284
1351.67	-0.000134176
1352.17	-9.19659e-05
1352.67	-4.96962e-05
1353.17	-7.40908e-06
1353.67	3.48533e-05
1354.17	7.70487e-05
1354.67	0.000119135
1355.17	0.000161071
1355.67	0.000202813
1356.17	0.000244322
1356.67	0.000285555
1357.17	0.000326471
1357.67	0.00036703
1358.17	0.000407192
1358.67	0.000446917
1359.17	0.000486165
1359.67	0.000524898
1360.17	0.000563078
1360.67	0.000600666
1361.17	0.000637627
1361.67	0.000673922
1362.17	0.000709517
1362.67	0.000744376
1363.17	0.000778466
1363.67	0.000811753
1364.17	0.000844204
1364.67	0.000875787
1365.17	0.000906472
1365.67	0.000936229
1366.17	0.000965028
1366.67	0.000992842
1367.17	0.00101964
1367.67	0.00104541
1368.17	0.00107011
1368.67	0.00109372
1369.17	0.00111622
1369.67	0.00113759
1370.17	0.00115781
1370.67	0.00117686
1371.17	0.00119472
1371.67	0.00121137
1372.17	0.0012268
1372.66	0.00124099
1373.16	0.00125393
1373.66	0.00126561
1374.16	0.00127602
1374.66	0.00128514
1375.16	0.00129298
1375.66	0.00129952
1376.16	0.00130475
1376.66	0.00130868
1377.16	0.00131129
1377.66	0.0013126
1378.16	0.00131259
1378.66	0.00131127
1379.16	0.00130864
1379.66	0.00130471
1380.16	0.00129948
1380.66	0.00129295
1381.16	0.00128513
1381.66	0.00127604
1382.16	0.00126567
1382.66	0.00125405
1383.16	0.00124118
1383.66	0.00122709
1384.16	0.00121177
1384.66	0.00119526
1385.16	0.00117756
1385.66	0.0011587
1386.16	0.00113869
1386.66	0.00111756
1387.16	0.00109532
1387.66	0.00107201
1388.16	0.00104764
1388.66	0.00102224
1389.16	0.000995829
1389.66	0.000968445
1390.16	0.000940111
1390.66	0.000910856
1391.16	0.000880709
1391.66	0.000849702
1392.16	0.000817865
1392.66	0.00078523
1393.16	0.000751832
1393.66	0.000717703
1394.16	0.000682878
1394.66	0.000647392
1395.16	0.000611281
1395.66	0.000574581
1396.16	0.000537328
1396.66	0.000499562
1397.16	0.000461318
1397.66	0.000422636
1398.16	0.000383554
1398.66	0.000344112
1399.16	0.000304349
1399.66	0.000264304
1400.16	0.000224017
1400.66	0.00018353
1401.16	0.000142881
1401.66	0.000102112
1402.16	6.12637e-05
1402.66	2.03758e-05
1403.16	-2.05107e-05
1403.66	-6.13553e-05
1404.16	-0.000102117
1404.66	-0.000142756
1405.16	-0.000183232
1405.66	-0.000223504
1406.16	-0.000263534
1406.66	-0.00030328
1407.16	-0.000342705
1407.66	-0.000381769
1408.16	-0.000420433
1408.66	-0.00045866
1409.16	-0.000496412
1409.66	-0.000533651
1410.16	-0.000570342
1410.66	-0.000606448
1411.16	-0.000641933
1411.66	-0.000676763
1412.16	-0.000710904
1412.66	-0.000744323
1413.16	-0.000776986
1413.65	-0.000808862
1414.15	-0.00083992
1414.65	-0.00087013
1415.15	-0.000899462
1415.65	-0.000927888
1416.15	-0.000955379
1416.65	-0.000981911
1417.15	-0.00100746
1417.65	-0.00103199
1418.15	-0.00105549
1418.65	-0.00107794
1419.15	-0.0010993
1419.65	-0.00111957
1420.15	-0.00113872
1420.65	-0.00115673
1421.15	-0.00117359
1421.65	-0.00118928
1422.15	-0.00120378
1422.65	-0.00121709
1423.15	-0.00122919
1423.65	-0.00124007
1424.15	-0.00124972
1424.65	-0.00125812
1425.15	-0.00126528
1425.65	-0.00127119
1426.15	-0.00127584
1426.65	-0.00127923
1427.15	-0.00128135
1427.65	-0.00128221
1428.15	-0.00128181
1428.65	-0.00128014
1429.15	-0.00127721
1429.65	-0.00127302
1430.15	-0.00126758
1430.65	-0.00126089
1431.15	-0.00125296
1431.65	-0.00124381
1432.15	-0.00123343
1432.65	-0.00122185
1433.15	-0.00120907
1433.65	-0.00119511
1434.15	-0.00117998
1434.65	-0.00116369
1435.15	-0.00114628
1435.65	-0.00112774
1436.15	-0.00110811
1436.65	-0.0010874
1437.15	-0.00106564
1437.65	-0.00104284
1438.15	-0.00101903
1438.65	-0.000994232
1439.15	-0.000968477
1439.65	-0.000941786
1440.15	-0.000914189
1440.65	-0.000885712
1441.15	-0.000856385
1441.65	-0.000826238
1442.15	-0.0007953
1442.65	-0.000763604
1443.15	-0.000731181
1443.65	-0.000698063
1444.15	-0.000664285
1444.65	-0.00062988
1445.15	-0.000594883
1445.65	-0.000559328
1446.15	-0.000523252
1446.65	-0.000486691
1447.15	-0.000449681
1447.65	-0.00041226
1448.15	-0.000374464
1448.65	-0.000336331
1449.15	-0.0002979
1449.65	-0.000259209
1450.15	-0.000220296
1450.65	-0.0001812
1451.15	-0.00014196
1451.65	-0.000102615
1452.15	-6.32041e-05
1452.65	-2.37661e-05
1453.15	1.56597e-05
1453.65	5.50344e-05
1454.15	9.43188e-05
1454.64	0.000133474
1455.14	0.000172462
1455.64	0.000211243
1456.14	0.000249781
1456.64	0.000288035
1457.14	0.00032597
1457.64	0.000363547
1458.14	0.000400729
1458.64	0.000437481
1459.14	0.000473766
1459.64	0.000509548
1460.14	0.000544793
1460.64	0.000579466
1461.14	0.000613533
1461.64	0.00064696
1462.14	0.000679716
1462.64	0.000711768
1463.14	0.000743085
1463.64	0.000773637
1464.14	0.000803395
1464.64	0.000832328
1465.14	0.000860409
1465.64	0.000887612
1466.14	0.00091391
1466.64	0.000939277
1467.14	0.00096369
1467.64	0.000987124
1468.14	0.00100956
1468.64	0.00103097
1469.14	0.00105134
1469.64	0.00107065
1470.14	0.00108888
1470.64	0.00110601
1471.14	0.00112203
1471.64	0.00113692
1472.14	0.00115066
1472.64	0.00116326
1473.14	0.00117469
1473.64	0.00118494
1474.14	0.00119401
1474.64	0.00120188
1475.14	0.00120855
1475.64	0.00121402
1476.14	0.00121828
1476.64	0.00122132
1477.14	0.00122315
1477.64	0.00122377
1478.14	0.00122316
1478.64	0.00122135
1479.14	0.00121832
1479.64	0.00121409
1480.14	0.00120865
1480.64	0.00120202
1481.14	0.0011942
1481.64	0.00118521
1482.14	0.00117504
1482.64	0.00116372
1483.14	0.00115125
1483.64	0.00113765
1484.14	0.00112293
1484.64	0.00110711
1485.14	0.0010902
1485.64	0.00107223
1486.14	0.00105321
1486.64	0.00103316
1487.14	0.0010121
1487.64	0.00099006
1488.14	0.000967053
1488.64	0.000943106
1489.14	0.000918244
1489.64	0.000892493
1490.14	0.000865879
1490.64	0.000838429
1491.14	0.000810172
1491.64	0.000781135
1492.14	0.000751349
1492.64	0.000720844
1493.14	0.000689651
1493.64	0.000657801
1494.14	0.000625327
1494.64	0.000592262
1495.14	0.000558639
1495.63	0.000524492
1496.13	0.000489855
1496.63	0.000454764
1497.13	0.000419254
1497.63	0.00038336
1498.13	0.000347119
1498.63	0.000310566
1499.13	0.000273739
1499.63	0.000236675
1500.13	0.00019941
1500.63	0.000161983
1501.13	0.000124429
1501.63	8.67878e-05
1502.13	4.90958e-05
1502.63	1.13908e-05
1503.13	-2.62895e-05
1503.63	-6.39076e-05
1504.13	-0.000101426
1504.63	-0.000138808
1505.13	-0.000176015
1505.63	-0.000213012
1506.13	-0.000249761
1506.63	-0.000286225
1507.13	-0.000322369
1507.63	-0.000358158
1508.13	-0.000393555
1508.63	-0.000428525
1509.13	-0.000463035
1509.63	-0.000497049
1510.13	-0.000530535
1510.63	-0.00056346
1511.13	-0.000595791
1511.63	-0.000627496
1512.13	-0.000658544
1512.63	-0.000688905
1513.13	-0.00071855
1513.63	-0.000747448
1514.13	-0.000775573
1514.63	-0.000802895
1515.13	-0.00082939
1515.63	-0.00085503
1516.13	-0.000879792
1516.63	-0.000903651
1517.13	-0.000926583
1517.63	-0.000948568
1518.13	-0.000969583
1518.63	-0.000989609
1519.13	-0.00100863
1519.63	-0.00102661
1520.13	-0.00104356
1520.63	-0.00105945
1521.13	-0.00107426
1521.63	-0.00108798
1522.13	-0.00110059
1522.63	-0.0011121
1523.13	-0.00112248
1523.63	-0.00113172
1524.13	-0.00113983
1524.63	-0.00114678
1525.13	-0.00115258
1525.63	-0.00115721
1526.13	-0.00116069
1526.63	-0.00116299
1527.13	-0.00116413
1527.63	-0.00116409
1528.13	-0.00116289
1528.63	-0.00116053
1529.13	-0.001157
1529.63	-0.00115231
1530.13	-0.00114647
1530.63	-0.00113948
1531.13	-0.00113136
1531.63	-0.0011221
1532.13	-0.00111173
1532.63	-0.00110024
1533.13	-0.00108766
1533.63	-0.001074
1534.13	-0.00105927
1534.63	-0.00104349
1535.13	-0.00102667
1535.63	-0.00100883
1536.13	-0.000989987
1536.62	-0.000970166
1537.12	-0.000949384
1537.62	-0.000927663
1538.12	-0.000905025
1538.62	-0.000881492
1539.12	-0.00085709
1539.62	-0.000831844
1540.12	-0.000805778
1540.62	-0.00077892
1541.12	-0.000751296
1541.62	-0.000722936
1542.12	-0.000693867
1542.62	-0.000664119
1543.12	-0.000633722
1543.62	-0.000602707
1544.12	-0.000571105
1544.62	-0.000538949
1545.12	-0.00050627
1545.62	-0.000473102
1546.12	-0.000439477
1546.62	-0.00040543
1547.12	-0.000370995
1547.62	-0.000336206
1548.12	-0.000301099
1548.62	-0.000265709
1549.12	-0.00023007
1549.62	-0.000194219
1550.12	-0.000158192
1550.62	-0.000122025
1551.12	-8.57526e-05
1551.62	-4.94126e-05
1552.12	-1.30409e-05
1552.62	2.33264e-05
1553.12	5.9653e-05
1553.62	9.59027e-05
1554.12	0.000132039
1554.62	0.000168027
1555.12	0.00020383
1555.62	0.000239413
1556.12	0.000274741
1556.62	0.000309778
1557.12	0.000344489
1557.62	0.000378841
1558.12	0.0004128
1558.62	0.000446331
1559.12	0.000479401
1559.62	0.000511979
1560.12	0.000544031
1560.62	0.000575527
1561.12	0.000606435
1561.62	0.000636724
1562.12	0.000666366
1562.62	0.00069533
1563.12	0.000723589
1563.62	0.000751114
1564.12	0.000777879
1564.62	0.000803858
1565.12	0.000829025
1565.62	0.000853355
1566.12	0.000876825
1566.62	0.000899412
1567.12	0.000921094
1567.62	0.00094185
1568.12	0.00096166
1568.62	0.000980504
1569.12	0.000998365
1569.62	0.00101523
1570.12	0.00103107
1570.62	0.00104588
1571.12	0.00105964
1571.62	0.00107235
1572.12	0.00108398
1572.62	0.00109454
1573.12	0.001104
1573.62	0.00111235
1574.12	0.0011196
1574.62	0.00112574
1575.12	0.00113075
1575.62	0.00113464
1576.12	0.0011374
1576.62	0.00113903
1577.12	0.00113953
1577.61	0.0011389
1578.11	0.00113713
1578.61	0.00113424
1579.11	0.00113023
1579.61	0.00112509
1580.11	0.00111885
1580.61	0.00111149
1581.11	0.00110304
1581.61	0.00109349
1582.11	0.00108287
1582.61	0.00107117
1583.11	0.00105842
1583.61	0.00104463
1584.11	0.00102981
1584.61	0.00101397
1585.11	0.000997138
1585.61	0.000979324
1586.11	0.000960547
1586.61	0.000940828
1587.11	0.000920186
1587.61	0.000898642
1588.11	0.000876219
1588.61	0.000852937
1589.11	0.000828823
1589.61	0.000803899
1590.11	0.00077819
1590.61	0.000751724
1591.11	0.000724526
1591.61	0.000696624
1592.11	0.000668046
1592.61	0.00063882
1593.11	0.000608977
1593.61	0.000578545
1594.11	0.000547555
1594.61	0.000516039
1595.11	0.000484028
1595.61	0.000451554
1596.11	0.000418649
1596.61	0.000385347
1597.11	0.000351679
1597.61	0.000317681
1598.11	0.000283386
1598.61	0.000248827
1599.11	0.00021404
1599.61	0.000179059
1600.11	0.000143918
1600.61	0.000108653
1601.11	7.32991e-05
1601.61	3.78903e-05
1602.11	2.46221e-06
1602.61	-3.29501e-05
1603.11	-6.83116e-05
1603.61	-0.000103587
1604.11	-0.000138742
1604.61	-0.000173742
1605.11	-0.000208552
1605.61	-0.000243137
1606.11	-0.000277465
1606.61	-0.0003115
1607.11	-0.000345209
1607.61	-0.00037856
1608.11	-0.000411519
1608.61	-0.000444054
1609.11	-0.000476133
1609.61	-0.000507725
1610.11	-0.000538799
1610.61	-0.000569324
1611.11	-0.00059927
1611.61	-0.000628609
1612.11	-0.000657311
1612.61	-0.000685349
1613.11	-0.000712695
1613.61	-0.000739323
1614.11	-0.000765206
1614.61	-0.00079032
1615.11	-0.000814641
1615.61	-0.000838144
1616.11	-0.000860808
1616.61	-0.00088261
1617.11	-0.000903528
1617.61	-0.000923544
1618.11	-0.000942638
1618.6	-0.000960792
1619.1	-0.000977988
1619.6	-0.00099421
1620.1	-0.00100944
1620.6	-0.00102367
1621.1	-0.00103688
1621.6	-0.00104906
1622.1	-0.0010602
1622.6	-0.00107029
1623.1	-0.00107932
1623.6	-0.00108728
1624.1	-0.00109417
1624.6	-0.00109997
1625.1	-0.00110468
1625.6	-0.00110831
1626.1	-0.00111084
1626.6	-0.00111228
1627.1	-0.00111261
1627.6	-0.00111186
1628.1	-0.00111001
1628.6	-0.00110707
1629.1	-0.00110304
1629.6	-0.00109792
1630.1	-0.00109173
1630.6	-0.00108447
1631.1	-0.00107615
1631.6	-0.00106677
1632.1	-0.00105635
1632.6	-0.0010449
1633.1	-0.00103243
1633.6	-0.00101895
1634.1	-0.00100448
1634.6	-0.000989024
1635.1	-0.000972611
1635.6	-0.000955253
1636.1	-0.000936968
1636.6	-0.000917774
1637.1	-0.000897691
1637.6	-0.00087674
1638.1	-0.000854942
1638.6	-0.000832319
1639.1	-0.000808894
1639.6	-0.000784692
1640.1	-0.000759736
1640.6	-0.000734052
1641.1	-0.000707666
1641.6	-0.000680604
1642.1	-0.000652894
1642.6	-0.000624564
1643.1	-0.000595642
1643.6	-0.000566157
1644.1	-0.000536139
1644.6	-0.000505619
1645.1	-0.000474625
1645.6	-0.000443191
1646.1	-0.000411347
1646.6	-0.000379124
1647.1	-0.000346556
1647.6	-0.000313675
1648.1	-0.000280514
1648.6	-0.000247104
1649.1	-0.000213481
1649.6	-0.000179678
1650.1	-0.000145727
1650.6	-0.000111663
1651.1	-7.75196e-05
1651.6	-4.33308e-05
1652.1	-9.13051e-06
1652.6	2.50475e-05
1653.1	5.91692e-05
1653.6	9.3201e-05
1654.1	0.000127109
1654.6	0.00016086
1655.1	0.00019442
1655.6	0.000227757
1656.1	0.000260837
1656.6	0.000293629
1657.1	0.000326098
1657.6	0.000358215
1658.1	0.000389946
1658.6	0.000421261
1659.09	0.00045213
1659.59	0.000482521
1660.09	0.000512405
1660.59	0.000541754
1661.09	0.000570537
1661.59	0.000598728
1662.09	0.000626297
1662.59	0.00065322
1663.09	0.000679469
1663.59	0.000705019
1664.09	0.000729845
1664.59	0.000753923
1665.09	0.00077723
1665.59	0.000799743
1666.09	0.00082144
1666.59	0.000842301
1667.09	0.000862305
1667.59	0.000881434
1668.09	0.000899668
1668.59	0.000916991
1669.09	0.000933387
1669.59	0.000948838
1670.09	0.000963332
1670.59	0.000976854
1671.09	0.000989391
1671.59	0.00100093
1672.09	0.00101147
1672.59	0.00102098
1673.09	0.00102948
1673.59	0.00103694
1674.09	0.00104336
1674.59	0.00104873
1675.09	0.00105306
1675.59	0.00105633
1676.09	0.00105855
1676.59	0.00105971
1677.09	0.00105982
1677.59	0.00105886
1678.09	0.00105685
1678.59	0.0010538
1679.09	0.00104969
1679.59	0.00104454
1680.09	0.00103835
1680.59	0.00103113
1681.09	0.00102289
1681.59	0.00101364
1682.09	0.00100338
1682.59	0.000992131
1683.09	0.000979901
1683.59	0.000966704
1684.09	0.000952553
1684.59	0.000937463
1685.09	0.00092145
1685.59	0.00090453
1686.09	0.000886722
1686.59	0.000868043
1687.09	0.000848513
1687.59	0.000828151
1688.09	0.00080698
1688.59	0.000785019
1689.09	0.000762293
1689.59	0.000738823
1690.09	0.000714634
1690.59	0.000689751
1691.09	0.000664199
1691.59	0.000638003
1692.09	0.000611191
1692.59	0.00058379
1693.09	0.000555826
1693.59	0.000527329
1694.09	0.000498328
1694.59	0.000468851
1695.09	0.000438928
1695.59	0.00040859
1696.09	0.000377866
1696.59	0.000346788
1697.09	0.000315388
1697.59	0.000283696
1698.09	0.000251744
1698.59	0.000219565
1699.09	0.00018719
1699.59	0.000154652
1700.08	0.000121984
1700.58	8.92181e-05
1701.08	5.63872e-05
1701.58	2.35239e-05
1702.08	-9.3388e-06
1702.58	-4.21683e-05
1703.08	-7.49317e-05
1703.58	-0.000107597
1704.08	-0.00014013
1704.58	-0.000172501
1705.08	-0.000204675
1705.58	-0.000236623
1706.08	-0.00026831
1706.58	-0.000299708
1707.08	-0.000330783
1707.58	-0.000361506
1708.08	-0.000391846
1708.58	-0.000421772
1709.08	-0.000451257
1709.58	-0.000480269
1710.08	-0.000508781
1710.58	-0.000536765
1711.08	-0.000564193
1711.58	-0.000591038
1712.08	-0.000617273
1712.58	-0.000642874
1713.08	-0.000667814
1713.58	-0.000692069
1714.08	-0.000715616
1714.58	-0.000738431
1715.08	-0.000760492
1715.58	-0.000781778
1716.08	-0.000802268
1716.58	-0.000821942
1717.08	-0.000840781
1717.58	-0.000858766
1718.08	-0.00087588
1718.58	-0.000892107
1719.08	-0.000907431
1719.58	-0.000921836
1720.08	-0.000935311
1720.58	-0.00094784
1721.08	-0.000959414
1721.58	-0.00097002
1722.08	-0.000979648
1722.58	-0.00098829
1723.08	-0.000995937
1723.58	-0.00100258
1724.08	-0.00100822
1724.58	-0.00101285
1725.08	-0.00101646
1725.58	-0.00101905
1726.08	-0.00102061
1726.58	-0.00102116
1727.08	-0.00102068
1727.58	-0.00101918
1728.08	-0.00101666
1728.58	-0.00101312
1729.08	-0.00100858
1729.58	-0.00100302
1730.08	-0.000996464
1730.58	-0.000988914
1731.08	-0.000980377
1731.58	-0.000970862
1732.08	-0.000960381
1732.58	-0.000948944
1733.08	-0.000936563
1733.58	-0.00092325
1734.08	-0.000909019
1734.58	-0.000893886
1735.08	-0.000877865
1735.58	-0.000860973
1736.08	-0.000843228
1736.58	-0.000824647
1737.08	-0.000805249
1737.58	-0.000785054
1738.08	-0.000764083
1738.58	-0.000742357
1739.08	-0.000719897
1739.58	-0.000696728
1740.08	-0.000672871
1740.58	-0.000648351
1741.07	-0.000623193
1741.57	-0.000597423
1742.07	-0.000571065
1742.57	-0.000544148
1743.07	-0.000516697
1743.57	-0.00048874
1744.07	-0.000460306
1744.57	-0.000431422
1745.07	-0.000402119
1745.57	-0.000372425
1746.07	-0.000342369
1746.57	-0.000311983
1747.07	-0.000281296
1747.57	-0.000250339
1748.07	-0.000219143
1748.57	-0.000187739
1749.07	-0.000156159
1749.57	-0.000124433
1750.07	-9.25942e-05
1750.57	-6.06733e-05
1751.07	-2.87024e-05
1751.57	3.28681e-06
1752.07	3.52624e-05
1752.57	6.71927e-05
1753.07	9.9046e-05
1753.57	0.000130791
1754.07	0.000162395
1754.57	0.000193828
1755.07	0.000225059
1755.57	0.000256056
1756.07	0.000286789
1756.57	0.000317227
1757.07	0.000347341
1757.57	0.0003771
1758.07	0.000406475
1758.57	0.000435438
1759.07	0.000463959
1759.57	0.000492011
1760.07	0.000519566
1760.57	0.000546597
1761.07	0.000573077
1761.57	0.000598981
1762.07	0.000624282
1762.57	0.000648956
1763.07	0.000672979
1763.57	0.000696328
1764.07	0.000718979
1764.57	0.00074091
1765.07	0.0007621
1765.57	0.000782529
1766.07	0.000802175
1766.57	0.000821022
1767.07	0.000839049
1767.57	0.000856239
1768.07	0.000872577
1768.57	0.000888045
1769.07	0.00090263
1769.57	0.000916317
1770.07	0.000929092
1770.57	0.000940945
1771.07	0.000951863
1771.57	0.000961836
1772.07	0.000970854
1772.57	0.00097891
1773.07	0.000985996
1773.57	0.000992104
1774.07	0.00099723
1774.57	0.00100137
1775.07	0.00100452
1775.57	0.00100667
1776.07	0.00100783
1776.57	0.001008
1777.07	0.00100717
1777.57	0.00100534
1778.07	0.00100253
1778.57	0.000998721
1779.07	0.000993932
1779.57	0.000988165
1780.07	0.000981424
1780.57	0.000973718
1781.07	0.000965055
1781.57	0.000955443
1782.06	0.000944892
1782.56	0.000933415
1783.06	0.000921021
1783.56	0.000907725
1784.06	0.000893539
1784.56	0.000878479
1785.06	0.000862559
1785.56	0.000845796
1786.06	0.000828206
1786.56	0.000809808
1787.06	0.000790621
1787.56	0.000770662
1788.06	0.000749954
1788.56	0.000728516
1789.06	0.00070637
1789.56	0.000683539
1790.06	0.000660045
1790.56	0.000635912
1791.06	0.000611165
1791.56	0.000585827
1792.06	0.000559924
1792.56	0.000533483
1793.06	0.000506529
1793.56	0.000479091
1794.06	0.000451194
1794.56	0.000422866
1795.06	0.000394137
1795.56	0.000365035
1796.06	0.000335588
1796.56	0.000305826
1797.06	0.000275779
1797.56	0.000245476
1798.06	0.000214947
1798.56	0.000184224
1799.06	0.000153335
1799.56	0.000122313
1800.06	9.11867e-05
1800.56	5.99881e-05
1801.06	2.87478e-05
1801.56	-2.50324e-06
1802.06	-3.37343e-05
1802.56	-6.49144e-05
1803.06	-9.60127e-05
1803.56	-0.000126999
1804.06	-0.000157842
1804.56	-0.000188512
1805.06	-0.000218978
1805.56	-0.00024921
1806.06	-0.00027918
1806.56	-0.000308857
1807.06	-0.000338211
1807.56	-0.000367216
1808.06	-0.000395841
1808.56	-0.000424059
1809.06	-0.000451842
1809.56	-0.000479163
1810.06	-0.000505995
1810.56	-0.000532313
1811.06	-0.000558089
1811.56	-0.0005833
1812.06	-0.000607921
1812.56	-0.000631928
1813.06	-0.000655297
1813.56	-0.000678005
1814.06	-0.000700031
1814.56	-0.000721354
1815.06	-0.000741952
1815.56	-0.000761806
1816.06	-0.000780897
1816.56	-0.000799206
1817.06	-0.000816716
1817.56	-0.00083341
1818.06	-0.000849271
1818.56	-0.000864285
1819.06	-0.000878438
1819.56	-0.000891716
1820.06	-0.000904106
1820.56	-0.000915598
1821.06	-0.000926179
1821.56	-0.00093584
1822.06	-0.000944573
1822.56	-0.000952369
1823.05	-0.000959221
1823.55	-0.000965123
1824.05	-0.00097007
1824.55	-0.000974058
1825.05	-0.000977083
1825.55	-0.000979143
1826.05	-0.000980236
1826.55	-0.000980362
1827.05	-0.000979522
1827.55	-0.000977717
1828.05	-0.00097495
1828.55	-0.000971224
1829.05	-0.000966543
1829.55	-0.000960912
1830.05	-0.000954339
1830.55	-0.000946829
1831.05	-0.000938391
1831.55	-0.000929035
1832.05	-0.000918769
1832.55	-0.000907605
1833.05	-0.000895555
1833.55	-0.00088263
1834.05	-0.000868845
1834.55	-0.000854214
1835.05	-0.000838751
1835.55	-0.000822472
1836.05	-0.000805395
1836.55	-0.000787537
1837.05	-0.000768915
1837.55	-0.00074955
1838.05	-0.00072946
1838.55	-0.000708666
1839.05	-0.00068719
1839.55	-0.000665052
1840.05	-0.000642276
1840.55	-0.000618884
1841.05	-0.000594899
1841.55	-0.000570347
1842.05	-0.000545252
1842.55	-0.000519639
1843.05	-0.000493534
1843.55	-0.000466963
1844.05	-0.000439952
1844.55	-0.00041253
1845.05	-0.000384722
1845.55	-0.000356558
1846.05	-0.000328065
1846.55	-0.000299273
1847.05	-0.000270208
1847.55	-0.000240901
1848.05	-0.000211382
1848.55	-0.000181678
1849.05	-0.00015182
1849.55	-0.000121838
1850.05	-9.17613e-05
1850.55	-6.16199e-05
1851.05	-3.14437e-05
1851.55	-1.26284e-06
1852.05	2.88928e-05
1852.55	5.89934e-05
1853.05	8.90091e-05
1853.55	0.00011891
1854.05	0.000148667
1854.55	0.00017825
1855.05	0.00020763
1855.55	0.000236778
1856.05	0.000265665
1856.55	0.000294263
1857.05	0.000322544
1857.55	0.000350479
1858.05	0.000378042
1858.55	0.000405205
1859.05	0.000431941
1859.55	0.000458224
1860.05	0.000484028
1860.55	0.000509329
1861.05	0.000534101
1861.55	0.00055832
1862.05	0.000581962
1862.55	0.000605005
1863.05	0.000627425
1863.55	0.000649202
1864.04	0.000670313
1864.54	0.000690738
1865.04	0.000710458
1865.54	0.000729453
1866.04	0.000747705
1866.54	0.000765196
1867.04	0.000781909
1867.54	0.000797829
1868.04	0.00081294
1868.54	0.000827228
1869.04	0.000840679
1869.54	0.000853279
1870.04	0.000865018
1870.54	0.000875884
1871.04	0.000885867
1871.54	0.000894957
1872.04	0.000903147
1872.54	0.000910428
1873.04	0.000916794
1873.54	0.000922239
1874.04	0.000926759
1874.54	0.000930349
1875.04	0.000933007
1875.54	0.00093473
1876.04	0.000935518
1876.54	0.000935371
1877.04	0.000934288
1877.54	0.000932272
1878.04	0.000929326
1878.54	0.000925452
1879.04	0.000920656
1879.54	0.000914943
1880.04	0.000908318
1880.54	0.000900791
1881.04	0.000892367
1881.54	0.000883057
1882.04	0.00087287
1882.54	0.000861816
1883.04	0.000849908
1883.54	0.000837158
1884.04	0.00082358
1884.54	0.000809186
1885.04	0.000793992
1885.54	0.000778014
1886.04	0.000761267
1886.54	0.00074377
1887.04	0.00072554
1887.54	0.000706596
1888.04	0.000686957
1888.54	0.000666643
1889.04	0.000645674
1889.54	0.000624072
1890.04	0.000601859
1890.54	0.000579058
1891.04	0.000555691
1891.54	0.000531782
1892.04	0.000507355
1892.54	0.000482435
1893.04	0.000457047
1893.54	0.000431216
1894.04	0.00040497
1894.54	0.000378333
1895.04	0.000351332
1895.54	0.000323996
1896.04	0.000296351
1896.54	0.000268425
1897.04	0.000240246
1897.54	0.000211842
1898.04	0.000183242
1898.54	0.000154474
1899.04	0.000125567
1899.54	9.65505e-05
1900.04	6.74526e-05
1900.54	3.83026e-05
1901.04	9.12968e-06
1901.54	-2.00371e-05
1902.04	-4.91687e-05
1902.54	-7.8236e-05
1903.04	-0.00010721
1903.54	-0.000136062
1904.04	-0.000164764
1904.54	-0.000193286
1905.03	-0.000221601
1905.53	-0.000249681
1906.03	-0.000277496
1906.53	-0.000305021
1907.03	-0.000332227
1907.53	-0.000359088
1908.03	-0.000385577
1908.53	-0.000411669
1909.03	-0.000437336
1909.53	-0.000462554
1910.03	-0.000487298
1910.53	-0.000511543
1911.03	-0.000535266
1911.53	-0.000558443
1912.03	-0.000581051
1912.53	-0.000603068
1913.03	-0.000624473
1913.53	-0.000645245
1914.03	-0.000665362
1914.53	-0.000684806
1915.03	-0.000703557
1915.53	-0.000721596
1916.03	-0.000738908
1916.53	-0.000755473
1917.03	-0.000771277
1917.53	-0.000786304
1918.03	-0.000800539
1918.53	-0.000813969
1919.03	-0.00082658
1919.53	-0.00083836
1920.03	-0.000849299
1920.53	-0.000859384
1921.03	-0.000868608
1921.53	-0.000876961
1922.03	-0.000884434
1922.53	-0.000891022
1923.03	-0.000896718
1923.53	-0.000901516
1924.03	-0.000905413
1924.53	-0.000908404
1925.03	-0.000910487
1925.53	-0.000911661
1926.03	-0.000911925
1926.53	-0.000911278
1927.03	-0.000909723
1927.53	-0.00090726
1928.03	-0.000903893
1928.53	-0.000899625
1929.03	-0.000894462
1929.53	-0.000888408
1930.03	-0.00088147
1930.53	-0.000873655
1931.03	-0.000864971
1931.53	-0.000855428
1932.03	-0.000845035
1932.53	-0.000833803
1933.03	-0.000821744
1933.53	-0.000808869
1934.03	-0.000795192
1934.53	-0.000780726
1935.03	-0.000765487
1935.53	-0.000749491
1936.03	-0.000732752
1936.53	-0.000715288
1937.03	-0.000697117
1937.53	-0.000678257
1938.03	-0.000658727
1938.53	-0.000638547
1939.03	-0.000617737
1939.53	-0.000596318
1940.03	-0.000574311
1940.53	-0.000551739
1941.03	-0.000528624
1941.53	-0.000504989
1942.03	-0.000480859
1942.53	-0.000456256
1943.03	-0.000431206
1943.53	-0.000405734
1944.03	-0.000379866
1944.53	-0.000353626
1945.03	-0.000327041
1945.53	-0.000300138
1946.02	-0.000272944
1946.52	-0.000245486
1947.02	-0.00021779
1947.52	-0.000189885
1948.02	-0.000161798
1948.52	-0.000133557
1949.02	-0.000105191
1949.52	-7.67268e-05
1950.02	-4.81935e-05
1950.52	-1.96191e-05
1951.02	8.96789e-06
1951.52	3.75393e-05
1952.02	6.60667e-05
1952.52	9.45219e-05
1953.02	0.000122877
1953.52	0.000151103
1954.02	0.000179173
1954.52	0.000207059
1955.02	0.000234734
1955.52	0.000262169
1956.02	0.000289339
1956.52	0.000316215
1957.02	0.000342773
1957.52	0.000368984
1958.02	0.000394825
1958.52	0.000420269
1959.02	0.000445291
1959.52	0.000469867
1960.02	0.000493973
1960.52	0.000517584
1961.02	0.000540678
1961.52	0.000563232
1962.02	0.000585224
1962.52	0.000606633
1963.02	0.000627437
1963.52	0.000647617
1964.02	0.000667152
1964.52	0.000686023
1965.02	0.000704213
1965.52	0.000721703
1966.02	0.000738476
1966.52	0.000754517
1967.02	0.000769809
1967.52	0.000784338
1968.02	0.000798089
1968.52	0.00081105
1969.02	0.000823209
1969.52	0.000834552
1970.02	0.00084507
1970.52	0.000854753
1971.02	0.000863591
1971.52	0.000871575
1972.02	0.000878699
1972.52	0.000884956
1973.02	0.00089034
1973.52	0.000894846
1974.02	0.00089847
1974.52	0.000901209
1975.02	0.000903061
1975.52	0.000904023
1976.02	0.000904096
1976.52	0.00090328
1977.02	0.000901577
1977.52	0.000898987
1978.02	0.000895515
1978.52	0.000891163
1979.02	0.000885938
1979.52	0.000879844
1980.02	0.000872887
1980.52	0.000865076
1981.02	0.000856418
1981.52	0.000846922
1982.02	0.000836598
1982.52	0.000825457
1983.02	0.00081351
1983.52	0.000800769
1984.02	0.000787247
1984.52	0.000772958
1985.02	0.000757916
1985.52	0.000742137
1986.02	0.000725636
1986.52	0.000708431
1987.01	0.000690539
1987.51	0.000671976
1988.01	0.000652764
1988.51	0.000632919
1989.01	0.000612464
1989.51	0.000591417
1990.01	0.0005698
1990.51	0.000547635
1991.01	0.000524945
1991.51	0.00050175
1992.01	0.000478076
1992.51	0.000453944
1993.01	0.000429381
1993.51	0.000404409
1994.01	0.000379054
1994.51	0.000353341
1995.01	0.000327296
1995.51	0.000300944
1996.01	0.000274312
1996.51	0.000247427
1997.01	0.000220314
1997.51	0.000193001
1998.01	0.000165514
1998.51	0.000137882
1999.01	0.000110131
1999.51	8.22894e-05
2000.01	5.4384e-05
2000.51	2.64426e-05
2001.01	-1.50709e-06
2001.51	-2.94376e-05
2002.01	-5.73212e-05
2002.51	-8.51305e-05
2003.01	-0.000112838
2003.51	-0.000140417
2004.01	-0.000167839
2004.51	-0.000195078
2005.01	-0.000222107
2005.51	-0.0002489
2006.01	-0.000275429
2006.51	-0.00030167
2007.01	-0.000327596
2007.51	-0.000353182
2008.01	-0.000378403
2008.51	-0.000403234
2009.01	-0.000427651
2009.51	-0.00045163
2010.01	-0.000475147
2010.51	-0.00049818
2011.01	-0.000520706
2011.51	-0.000542703
2012.01	-0.00056415
2012.51	-0.000585027
2013.01	-0.000605311
2013.51	-0.000624985
2014.01	-0.000644029
2014.51	-0.000662424
2015.01	-0.000680153
2015.51	-0.000697198
2016.01	-0.000713544
2016.51	-0.000729174
2017.01	-0.000744074
2017.51	-0.000758229
2018.01	-0.000771626
2018.51	-0.000784252
2019.01	-0.000796095
2019.51	-0.000807143
2020.01	-0.000817387
2020.51	-0.000826816
2021.01	-0.000835423
2021.51	-0.000843198
2022.01	-0.000850136
2022.51	-0.000856229
2023.01	-0.000861472
2023.51	-0.00086586
2024.01	-0.00086939
2024.51	-0.000872058
2025.01	-0.000873864
2025.51	-0.000874804
2026.01	-0.00087488
2026.51	-0.000874091
2027.01	-0.000872439
2027.51	-0.000869926
2028	-0.000866556
2028.5	-0.000862331
2029	-0.000857258
2029.5	-0.00085134
2030	-0.000844586
2030.5	-0.000837001
2031	-0.000828595
2031.5	-0.000819376
2032	-0.000809354
2032.5	-0.000798539
2033	-0.000786942
2033.5	-0.000774576
2034	-0.000761453
2034.5	-0.000747586
2035	-0.000732991
2035.5	-0.000717682
2036	-0.000701674
2036.5	-0.000684984
2037	-0.000667629
2037.5	-0.000649627
2038	-0.000630996
2038.5	-0.000611754
2039	-0.000591922
2039.5	-0.000571519
2040	-0.000550567
2040.5	-0.000529085
2041	-0.000507096
2041.5	-0.000484622
2042	-0.000461686
2042.5	-0.000438311
2043	-0.000414519
2043.5	-0.000390336
2044	-0.000365785
2044.5	-0.000340891
2045	-0.00031568
2045.5	-0.000290175
2046	-0.000264403
2046.5	-0.000238389
2047	-0.00021216
2047.5	-0.000185741
2048	-0.00015916
