1	0.218876
1.49988	0.219065
1.99976	0.219325
2.49963	0.219653
2.99951	0.220042
3.49939	0.220486
3.99927	0.220977
4.49915	0.221506
4.99902	0.222065
5.4989	0.222641
5.99878	0.223224
6.49866	0.223801
6.99853	0.224359
7.49841	0.224884
7.99829	0.225363
8.49817	0.22578
8.99805	0.226121
9.49792	0.226371
9.9978	0.226513
10.4977	0.226534
10.9976	0.226416
11.4974	0.226146
11.9973	0.225709
12.4972	0.225089
12.9971	0.224273
13.4969	0.223248
13.9968	0.222
14.4967	0.220518
14.9966	0.218791
15.4965	0.216808
15.9963	0.214561
16.4962	0.212041
16.9961	0.209242
17.496	0.206157
17.9958	0.202784
18.4957	0.199117
18.9956	0.195157
19.4955	0.190903
19.9954	0.186357
20.4952	0.18152
20.9951	0.176398
21.495	0.170995
21.9949	0.16532
22.4947	0.159381
22.9946	0.153189
23.4945	0.146753
23.9944	0.140089
24.4943	0.133209
24.9941	0.12613
25.494	0.118868
25.9939	0.111441
26.4938	0.103868
26.9937	0.0961694
27.4935	0.0883653
27.9934	0.0804777
28.4933	0.0725289
28.9932	0.0645421
29.493	0.0565405
29.9929	0.0485482
30.4928	0.0405892
30.9927	0.0326879
31.4926	0.0248687
31.9924	0.0171558
32.4923	0.00957335
32.9922	0.00214517
33.4921	-0.00510536
33.9919	-0.0121554
34.4918	-0.0189828
34.9917	-0.025566
35.4916	-0.0318846
35.9915	-0.0379189
36.4913	-0.0436505
36.9912	-0.0490618
37.4911	-0.0541369
37.991	-0.0588609
38.4908	-0.0632206
38.9907	-0.0672039
39.4906	-0.0708005
39.9905	-0.0740016
40.4904	-0.0768002
40.9902	-0.0791908
41.4901	-0.0811695
41.99	-0.0827345
42.4899	-0.0838853
42.9897	-0.0846235
43.4896	-0.0849522
43.9895	-0.0848764
44.4894	-0.0844026
44.9893	-0.0835391
45.4891	-0.0822959
45.989	-0.0806843
46.4889	-0.0787175
46.9888	-0.0764099
47.4886	-0.0737773
47.9885	-0.0708369
48.4884	-0.0676072
48.9883	-0.0641076
49.4882	-0.0603588
49.988	-0.0563823
50.4879	-0.0522004
50.9878	-0.0478363
51.4877	-0.0433137
51.9875	-0.0386567
52.4874	-0.03389
52.9873	-0.0290384
53.4872	-0.024127
53.9871	-0.0191807
54.4869	-0.0142244
54.9868	-0.0092829
55.4867	-0.00438047
55.9866	0.000458968
56.4864	0.00521209
56.9863	0.00985625
57.4862	0.0143696
57.9861	0.0187311
58.486	0.0229209
58.9858	0.02692
59.4857	0.0307106
59.9856	0.0342763
60.4855	0.0376019
60.9853	0.0406736
61.4852	0.043479
61.9851	0.0460073
62.485	0.048249
62.9849	0.0501966
63.4847	0.0518437
63.9846	0.0531858
64.4845	0.05422
64.9844	0.054945
65.4842	0.055361
65.9841	0.0554701
66.484	0.0552756
66.9839	0.0547826
67.4838	0.0539977
67.9836	0.0529288
68.4835	0.0515853
68.9834	0.0499781
69.4833	0.048119
69.9832	0.0460214
70.483	0.0436996
70.9829	0.041169
71.4828	0.0384458
71.9827	0.0355473
72.4825	0.0324914
72.9824	0.0292967
73.4823	0.0259822
73.9822	0.0225676
74.4821	0.0190728
74.9819	0.0155178
75.4818	0.0119229
75.9817	0.00830827
76.4816	0.00469407
76.9814	0.00110021
77.4813	-0.00245375
77.9812	-0.00594864
78.4811	-0.00936582
78.981	-0.0126873
79.4808	-0.0158957
79.9807	-0.0189745
80.4806	-0.0219082
80.9805	-0.024682
81.4803	-0.0272823
81.9802	-0.0296965
82.4801	-0.0319133
82.98	-0.0339224
83.4799	-0.035715
83.9797	-0.0372833
84.4796	-0.0386211
84.9795	-0.0397233
85.4794	-0.0405864
85.9792	-0.041208
86.4791	-0.0415872
86.979	-0.0417246
87.4789	-0.041622
87.9788	-0.0412823
88.4786	-0.0407102
88.9785	-0.0399113
89.4784	-0.0388924
89.9783	-0.0376617
90.4781	-0.0362283
90.978	-0.0346025
91.4779	-0.0327954
91.9778	-0.0308193
92.4777	-0.028687
92.9775	-0.0264123
93.4774	-0.0240097
93.9773	-0.021494
94.4772	-0.0188809
94.977	-0.0161861
95.4769	-0.0134259
95.9768	-0.0106168
96.4767	-0.00777535
96.9766	-0.00491806
97.4764	-0.00206152
97.9763	0.000777893
98.4762	0.00358405
98.9761	0.00634114
99.4759	0.00903379
99.9758	0.0116471
100.476	0.0141668
100.976	0.0165793
101.475	0.0188717
101.975	0.0210318
102.475	0.0230485
102.975	0.0249114
103.475	0.0266112
103.975	0.0281395
104.475	0.0294891
104.975	0.0306539
105.474	0.0316287
105.974	0.0324096
106.474	0.0329938
106.974	0.0333797
107.474	0.0335669
107.974	0.033556
108.474	0.0333488
108.974	0.0329482
109.474	0.0323583
109.973	0.0315842
110.473	0.030632
110.973	0.0295087
111.473	0.0282223
111.973	0.0267819
112.473	0.0251969
112.973	0.0234781
113.473	0.0216364
113.972	0.0196837
114.472	0.0176323
114.972	0.015495
115.472	0.0132851
115.972	0.011016
116.472	0.0087015
116.972	0.00635552
117.472	0.00399203
117.971	0.00162502
118.471	-0.000731621
118.971	-0.00306418
119.471	-0.00535918
119.971	-0.00760347
120.471	-0.0097843
120.971	-0.0118894
121.471	-0.013907
121.97	-0.0158259
122.47	-0.0176357
122.97	-0.0193266
123.47	-0.0208895
123.97	-0.0223164
124.47	-0.0235998
124.97	-0.0247334
125.47	-0.0257116
125.969	-0.0265298
126.469	-0.0271846
126.969	-0.0276732
127.469	-0.027994
127.969	-0.0281465
128.469	-0.028131
128.969	-0.0279488
129.469	-0.0276023
129.968	-0.0270948
130.468	-0.0264305
130.968	-0.0256144
131.468	-0.0246524
131.968	-0.0235515
132.468	-0.0223189
132.968	-0.0209631
133.468	-0.0194929
133.968	-0.0179179
134.467	-0.016248
134.967	-0.014494
135.467	-0.0126667
135.967	-0.0107775
136.467	-0.00883809
136.967	-0.0068602
137.467	-0.00485587
137.967	-0.00283716
138.466	-0.00081612
138.966	0.00119524
139.466	0.00318508
139.966	0.00514175
140.466	0.00705386
140.966	0.00891039
141.466	0.0107007
141.966	0.0124146
142.465	0.0140425
142.965	0.0155753
143.465	0.0170046
143.965	0.0183224
144.465	0.0195219
144.965	0.0205966
145.465	0.021541
145.965	0.0223503
146.464	0.0230207
146.964	0.0235491
147.464	0.0239333
147.964	0.0241719
148.464	0.0242645
148.964	0.0242115
149.464	0.0240142
149.964	0.0236746
150.463	0.0231958
150.963	0.0225815
151.463	0.0218362
151.963	0.0209652
152.463	0.0199745
152.963	0.0188708
153.463	0.0176614
153.963	0.0163541
154.463	0.0149574
154.962	0.0134802
155.462	0.0119318
155.962	0.0103218
156.462	0.00866033
156.962	0.00695755
157.462	0.00522389
157.962	0.00346989
158.462	0.00170616
158.961	-5.67143e-05
159.461	-0.00180821
159.961	-0.00353794
160.461	-0.00523569
160.961	-0.00689153
161.461	-0.00849581
161.961	-0.0100392
162.461	-0.011513
162.96	-0.0129087
163.46	-0.0142184
163.96	-0.0154348
164.46	-0.0165512
164.96	-0.0175616
165.46	-0.0184604
165.96	-0.0192431
166.46	-0.0199055
166.959	-0.0204445
167.459	-0.0208575
167.959	-0.0211428
168.459	-0.0212995
168.959	-0.0213273
169.459	-0.0212268
169.959	-0.0209994
170.459	-0.0206472
170.958	-0.0201729
171.458	-0.0195802
171.958	-0.0188733
172.458	-0.018057
172.958	-0.0171369
173.458	-0.0161191
173.958	-0.0150102
174.458	-0.0138174
174.958	-0.0125484
175.457	-0.0112111
175.957	-0.00981393
176.457	-0.00836567
176.957	-0.00687526
177.457	-0.00535188
177.957	-0.00380485
178.457	-0.0022436
178.957	-0.000677564
179.456	0.000883824
179.956	0.00243122
180.456	0.0039554
180.956	0.00544735
181.456	0.00689828
181.956	0.0082997
182.456	0.00964346
182.956	0.0109218
183.455	0.0121274
183.955	0.0132533
184.455	0.0142934
184.955	0.0152417
185.455	0.016093
185.955	0.0168428
186.455	0.0174871
186.955	0.0180225
187.454	0.0184464
187.954	0.0187569
188.454	0.0189527
188.954	0.0190332
189.454	0.0189985
189.954	0.0188494
190.454	0.0185874
190.954	0.0182147
191.453	0.0177341
191.953	0.017149
192.453	0.0164635
192.953	0.0156823
193.453	0.0148104
193.953	0.0138537
194.453	0.0128183
194.953	0.0117109
195.453	0.0105385
195.952	0.00930841
196.452	0.00802842
196.952	0.00670646
197.452	0.0053507
197.952	0.00396948
198.452	0.00257125
198.952	0.00116451
199.452	-0.000242214
199.951	-0.00164045
200.451	-0.00302181
200.951	-0.00437806
201.451	-0.00570115
201.951	-0.00698326
202.451	-0.00821686
202.951	-0.00939476
203.451	-0.0105101
203.95	-0.0115565
204.45	-0.012528
204.95	-0.013419
205.45	-0.0142247
205.95	-0.0149404
206.45	-0.0155624
206.95	-0.0160874
207.45	-0.0165126
207.949	-0.0168359
208.449	-0.017056
208.949	-0.0171718
209.449	-0.0171834
209.949	-0.0170909
210.449	-0.0168956
210.949	-0.0165991
211.449	-0.0162036
211.948	-0.0157119
212.448	-0.0151276
212.948	-0.0144545
213.448	-0.0136972
213.948	-0.0128605
214.448	-0.0119499
214.948	-0.0109713
215.448	-0.00993092
215.947	-0.00883523
216.447	-0.00769115
216.947	-0.0065058
217.447	-0.00528654
217.947	-0.00404089
218.447	-0.00277648
218.947	-0.00150105
219.447	-0.000222344
219.947	0.0010519
220.446	0.00231399
220.946	0.00355636
221.446	0.0047716
221.946	0.00595247
222.446	0.007092
222.946	0.00818348
223.446	0.00922053
223.946	0.0101971
224.445	0.0111076
224.945	0.0119468
225.445	0.0127099
225.945	0.0133927
226.445	0.0139913
226.945	0.0145026
227.445	0.0149238
227.945	0.0152527
228.444	0.0154878
228.944	0.015628
229.444	0.015673
229.944	0.0156228
230.444	0.0154782
230.944	0.0152404
231.444	0.0149113
231.944	0.0144933
232.443	0.0139893
232.943	0.0134026
233.443	0.0127372
233.943	0.0119975
234.443	0.0111882
234.943	0.0103146
235.443	0.00938211
235.943	0.00839673
236.442	0.00736461
236.942	0.00629221
237.442	0.00518617
237.942	0.00405334
238.442	0.00290068
238.942	0.00173526
239.442	0.00056418
239.942	-0.000605444
240.442	-0.00176654
240.941	-0.0029121
241.441	-0.00403526
241.941	-0.00512932
242.441	-0.00618775
242.941	-0.00720431
243.441	-0.008173
243.941	-0.00908815
244.441	-0.00994444
244.94	-0.0107369
245.44	-0.011461
245.94	-0.0121127
246.44	-0.0126882
246.94	-0.0131844
247.44	-0.0135987
247.94	-0.0139287
248.44	-0.014173
248.939	-0.0143302
249.439	-0.0143999
249.939	-0.0143819
250.439	-0.0142768
250.939	-0.0140854
251.439	-0.0138093
251.939	-0.0134504
252.439	-0.0130114
252.938	-0.0124952
253.438	-0.0119051
253.938	-0.0112451
254.438	-0.0105195
254.938	-0.00973281
255.438	-0.00889015
255.938	-0.00799682
256.438	-0.00705842
256.937	-0.00608082
257.437	-0.0050701
257.937	-0.00403252
258.437	-0.00297446
258.937	-0.00190243
259.437	-0.000822981
259.937	0.000257317
260.437	0.00133191
260.937	0.0023943
261.436	0.00343809
261.936	0.00445702
262.436	0.005445
262.936	0.00639616
263.436	0.00730487
263.936	0.00816578
264.436	0.00897384
264.936	0.00972434
265.435	0.010413
265.935	0.0110357
266.435	0.0115892
266.935	0.0120701
267.435	0.0124759
267.935	0.0128045
268.435	0.013054
268.935	0.0132233
269.434	0.0133116
269.934	0.0133188
270.434	0.013245
270.934	0.013091
271.434	0.012858
271.934	0.0125478
272.434	0.0121624
272.934	0.0117046
273.433	0.0111773
273.933	0.010584
274.433	0.0099286
274.933	0.00921522
275.433	0.00844843
275.933	0.00763308
276.433	0.00677428
276.933	0.00587742
277.432	0.00494807
277.932	0.00399199
278.432	0.00301509
278.932	0.00202336
279.432	0.00102288
279.932	1.97622e-05
280.432	-0.000979898
280.932	-0.00197004
281.432	-0.00294469
281.931	-0.00389797
282.431	-0.00482419
282.931	-0.00571779
283.431	-0.00657348
283.931	-0.00738619
284.431	-0.00815113
284.931	-0.00886382
285.431	-0.00952012
285.93	-0.0101162
286.43	-0.0106488
286.93	-0.0111147
287.43	-0.0115114
287.93	-0.0118367
288.43	-0.0120889
288.93	-0.0122667
289.43	-0.0123693
289.929	-0.0123963
290.429	-0.0123478
290.929	-0.0122244
291.429	-0.0120271
291.929	-0.0117573
292.429	-0.0114169
292.929	-0.0110082
293.429	-0.0105339
293.928	-0.00999719
294.428	-0.00940147
294.928	-0.00875058
295.428	-0.00804866
295.928	-0.00730015
296.428	-0.00650975
296.928	-0.0056824
297.428	-0.00482326
297.927	-0.00393766
298.427	-0.00303107
298.927	-0.00210906
299.427	-0.00117729
299.927	-0.000241463
300.427	0.000692723
300.927	0.00161959
301.427	0.00253354
301.926	0.00342905
302.426	0.00430074
302.926	0.00514339
303.426	0.00595196
303.926	0.00672166
304.426	0.00744794
304.926	0.00812651
305.426	0.00875342
305.926	0.009325
306.425	0.00983798
306.925	0.0102894
307.425	0.0106768
307.925	0.0109979
308.425	0.011251
308.925	0.0114349
309.425	0.0115486
309.925	0.0115916
310.424	0.0115639
310.924	0.0114659
311.424	0.0112985
311.924	0.0110628
312.424	0.0107606
312.924	0.0103938
313.424	0.00996492
313.924	0.00947675
314.423	0.00893245
314.923	0.0083355
315.423	0.0076897
315.923	0.00699914
316.423	0.00626816
316.923	0.00550133
317.423	0.00470342
317.923	0.00387939
318.422	0.00303434
318.922	0.00217347
319.422	0.00130207
319.922	0.000425465
320.422	-0.000450986
320.922	-0.00132195
321.422	-0.00218216
321.922	-0.00302639
322.421	-0.00384958
322.921	-0.00464676
323.421	-0.00541318
323.921	-0.00614426
324.421	-0.00683567
324.921	-0.00748331
325.421	-0.00808339
325.921	-0.00863238
326.421	-0.00912712
326.92	-0.00956475
327.42	-0.00994279
327.92	-0.0102591
328.42	-0.010512
328.92	-0.0107
329.42	-0.0108224
329.92	-0.0108784
330.42	-0.010868
330.919	-0.0107914
331.419	-0.0106493
331.919	-0.0104428
332.419	-0.0101732
332.919	-0.00984254
333.419	-0.00945288
333.919	-0.00900679
334.419	-0.00850716
334.918	-0.0079572
335.418	-0.00736039
335.918	-0.00672052
336.418	-0.0060416
336.918	-0.00532788
337.418	-0.00458381
337.918	-0.00381402
338.418	-0.00302325
338.917	-0.0022164
339.417	-0.00139841
339.917	-0.000574306
340.417	0.000250884
340.917	0.00107213
341.417	0.00188444
341.917	0.0026829
342.417	0.00346269
342.916	0.00421911
343.416	0.00494762
343.916	0.00564387
344.416	0.00630371
344.916	0.00692324
345.416	0.00749878
345.916	0.00802697
346.416	0.00850473
346.916	0.00892929
347.415	0.00929821
347.915	0.00960941
348.415	0.00986117
348.915	0.0100521
349.415	0.0101812
349.915	0.010248
350.415	0.0102521
350.915	0.0101936
351.414	0.0100733
351.914	0.00989187
352.414	0.00965069
352.914	0.00935137
353.414	0.00899591
353.914	0.00858663
354.414	0.00812617
354.914	0.00761748
355.413	0.0070638
355.913	0.00646862
356.413	0.00583569
356.913	0.00516896
357.413	0.00447259
357.913	0.00375091
358.413	0.00300838
358.913	0.00224959
359.412	0.00147919
359.912	0.00070193
360.412	-7.74512e-05
360.912	-0.000854197
361.412	-0.00162358
361.912	-0.00238094
362.412	-0.00312168
362.912	-0.00384135
363.411	-0.00453562
363.911	-0.00520032
364.411	-0.00583149
364.911	-0.00642537
365.411	-0.00697845
365.911	-0.00748746
366.411	-0.00794943
366.911	-0.00836167
367.411	-0.0087218
367.91	-0.00902777
368.41	-0.00927785
368.91	-0.00947069
369.41	-0.00960525
369.91	-0.00968087
370.41	-0.00969726
370.91	-0.00965446
371.41	-0.00955291
371.909	-0.00939337
372.409	-0.00917698
372.909	-0.0089052
373.409	-0.00857984
373.909	-0.00820303
374.409	-0.00777719
374.909	-0.00730506
375.409	-0.00678964
375.908	-0.00623417
376.408	-0.00564216
376.908	-0.0050173
377.408	-0.0043635
377.908	-0.00368481
378.408	-0.00298544
378.908	-0.0022697
379.408	-0.001542
379.907	-0.000806804
380.407	-6.86169e-05
380.907	0.000668056
381.407	0.00139873
381.907	0.00211896
382.407	0.00282439
382.907	0.00351076
383.407	0.00417392
383.906	0.00480991
384.406	0.00541491
384.906	0.00598531
385.406	0.00651773
385.906	0.00700902
386.406	0.00745629
386.906	0.00785692
387.406	0.0082086
387.905	0.00850931
388.405	0.00875734
388.905	0.00895131
389.405	0.00909019
389.905	0.00917326
390.405	0.00920017
390.905	0.00917089
391.405	0.00908573
391.905	0.00894538
392.404	0.00875081
392.904	0.00850336
393.404	0.00820466
393.904	0.00785667
394.404	0.00746163
394.904	0.00702208
395.404	0.00654079
395.904	0.00602082
396.403	0.00546543
396.903	0.0048781
397.403	0.00426248
397.903	0.00362241
398.403	0.00296184
398.903	0.00228486
399.403	0.00159563
399.903	0.000898393
400.402	0.000197414
400.902	-0.000503022
401.402	-0.00119864
401.902	-0.00188522
402.402	-0.00255859
402.902	-0.00321468
403.402	-0.00384953
403.902	-0.00445932
404.401	-0.00504039
404.901	-0.00558927
405.401	-0.00610269
405.901	-0.00657762
406.401	-0.00701124
406.901	-0.00740101
407.401	-0.00774466
407.901	-0.00804022
408.4	-0.00828599
408.9	-0.00848059
409.4	-0.00862297
409.9	-0.00871239
410.4	-0.00874842
410.9	-0.00873098
411.4	-0.0086603
411.9	-0.00853694
412.4	-0.00836179
412.899	-0.00813603
413.399	-0.00786116
413.899	-0.00753899
414.399	-0.00717159
414.899	-0.0067613
415.399	-0.00631074
415.899	-0.00582275
416.399	-0.00530039
416.898	-0.00474694
417.398	-0.00416584
417.898	-0.00356071
418.398	-0.00293529
418.898	-0.00229345
419.398	-0.00163914
419.898	-0.000976389
420.398	-0.000309251
420.897	0.00035819
421.397	0.00102186
421.897	0.00167773
422.397	0.0023218
422.897	0.00295017
423.397	0.00355906
423.897	0.00414479
424.397	0.00470384
424.896	0.00523287
425.396	0.00572871
425.896	0.00618842
426.396	0.00660928
426.896	0.00698881
427.396	0.0073248
427.896	0.00761529
428.396	0.00785861
428.895	0.00805341
429.395	0.00819858
429.895	0.00829338
430.395	0.00833733
430.895	0.00833028
431.395	0.0082724
431.895	0.00816415
432.395	0.00800632
432.895	0.00779997
433.394	0.00754649
433.894	0.00724752
434.394	0.00690499
434.894	0.0065211
435.394	0.00609828
435.894	0.00563919
436.394	0.00514674
436.894	0.00462398
437.393	0.00407419
437.893	0.00350078
438.393	0.00290731
438.893	0.00229743
439.393	0.00167492
439.893	0.00104359
440.393	0.000407317
440.893	-0.000230001
441.392	-0.000864475
441.892	-0.00149224
442.392	-0.00210948
442.892	-0.00271245
443.392	-0.0032975
443.892	-0.0038611
444.392	-0.00439987
444.892	-0.00491057
445.391	-0.00539015
445.891	-0.00583574
446.391	-0.00624471
446.891	-0.00661464
447.391	-0.00694336
447.891	-0.00722896
448.391	-0.00746979
448.891	-0.00766448
449.39	-0.00781194
449.89	-0.00791138
450.39	-0.0079623
450.89	-0.00796449
451.39	-0.00791805
451.89	-0.00782337
452.39	-0.00768113
452.89	-0.00749231
453.389	-0.00725816
453.889	-0.00698022
454.389	-0.00666027
454.889	-0.00630035
455.389	-0.00590276
455.889	-0.00547
456.389	-0.0050048
456.889	-0.00451005
457.389	-0.00398885
457.888	-0.00344443
458.388	-0.00288018
458.888	-0.00229957
459.388	-0.00170618
459.888	-0.00110367
460.388	-0.000495736
460.888	0.000113904
461.388	0.000721523
461.887	0.00132342
462.387	0.00191592
462.887	0.00249544
463.387	0.00305847
463.887	0.0036016
464.387	0.00412156
464.887	0.00461523
465.387	0.00507965
465.886	0.00551204
466.386	0.00590985
466.886	0.0062707
467.386	0.00659248
467.886	0.00687331
468.386	0.00711155
468.886	0.00730585
469.386	0.00745512
469.885	0.00755853
470.385	0.00761555
470.885	0.00762594
471.385	0.00758972
471.885	0.00750722
472.385	0.00737904
472.885	0.00720606
473.385	0.00698943
473.884	0.00673057
474.384	0.00643113
474.884	0.00609304
475.384	0.00571844
475.884	0.0053097
476.384	0.00486938
476.884	0.00440024
477.384	0.0039052
477.884	0.00338733
478.383	0.00284986
478.883	0.00229609
479.383	0.00172945
479.883	0.00115342
480.383	0.000571538
480.883	-1.26297e-05
481.383	-0.000595513
481.883	-0.00117355
482.382	-0.00174323
482.882	-0.00230109
483.382	-0.00284375
483.882	-0.00336792
484.382	-0.00387044
484.882	-0.00434829
485.382	-0.00479859
485.882	-0.00521867
486.381	-0.00560601
486.881	-0.00595832
487.381	-0.00627351
487.881	-0.00654974
488.381	-0.00678541
488.881	-0.00697914
489.381	-0.00712986
489.881	-0.00723672
490.38	-0.00729916
490.88	-0.00731689
491.38	-0.00728989
491.88	-0.00721842
492.38	-0.00710301
492.88	-0.00694444
493.38	-0.00674379
493.88	-0.00650234
494.379	-0.00622167
494.879	-0.00590356
495.379	-0.00555004
495.879	-0.00516333
496.379	-0.00474586
496.879	-0.00430025
497.379	-0.00382926
497.879	-0.00333584
498.379	-0.00282303
498.878	-0.00229401
499.378	-0.00175203
499.878	-0.00120045
500.378	-0.00064264
500.878	-8.20229e-05
501.378	0.000477971
501.878	0.00103392
502.378	0.00158245
502.877	0.00212021
503.377	0.00264394
503.877	0.00315047
504.377	0.00363675
504.877	0.00409983
505.377	0.00453695
505.877	0.00494548
506.377	0.00532298
506.876	0.00566721
507.376	0.00597613
507.876	0.00624792
508.376	0.006481
508.876	0.00667402
509.376	0.00682588
509.876	0.00693573
510.376	0.00700298
510.875	0.00702731
511.375	0.00700864
511.875	0.00694719
512.375	0.0068434
512.875	0.006698
513.375	0.00651195
513.875	0.00628647
514.375	0.00602301
514.874	0.00572325
515.374	0.0053891
515.874	0.00502267
516.374	0.00462625
516.874	0.00420232
517.374	0.00375353
517.874	0.00328267
518.374	0.00279265
518.874	0.00228651
519.373	0.00176736
519.873	0.00123841
520.373	0.000702901
520.873	0.000164121
521.373	-0.000374634
521.873	-0.000910072
522.373	-0.00143893
522.873	-0.00195799
523.372	-0.0024641
523.872	-0.00295419
524.372	-0.00342529
524.872	-0.00387458
525.372	-0.00429934
525.872	-0.00469702
526.372	-0.00506525
526.872	-0.00540184
527.371	-0.00570478
527.871	-0.00597229
528.371	-0.00620281
528.871	-0.00639499
529.371	-0.00654774
529.871	-0.00666018
530.371	-0.00673172
530.871	-0.006762
531.37	-0.0067509
531.87	-0.00669857
532.37	-0.00660541
532.87	-0.00647206
533.37	-0.00629941
533.87	-0.0060886
534.37	-0.00584098
534.87	-0.00555813
535.369	-0.00524185
535.869	-0.00489413
536.369	-0.00451715
536.869	-0.00411327
537.369	-0.00368502
537.869	-0.00323504
538.369	-0.00276614
538.869	-0.0022812
539.368	-0.00178323
539.868	-0.00127528
540.368	-0.000760486
540.868	-0.000242001
541.368	0.000277001
541.868	0.000793348
542.368	0.00130389
542.868	0.00180552
543.368	0.00229519
543.867	0.00276992
544.367	0.00322685
544.867	0.00366321
545.367	0.00407639
545.867	0.00446389
546.367	0.00482339
546.867	0.00515275
547.367	0.00545002
547.866	0.00571342
548.366	0.00594143
548.866	0.0061327
549.366	0.00628614
549.866	0.00640088
550.366	0.00647628
550.866	0.00651196
551.366	0.00650777
551.865	0.00646382
552.365	0.00638043
552.865	0.00625819
553.365	0.00609792
553.865	0.00590066
554.365	0.00566769
554.865	0.0054005
555.365	0.00510078
555.864	0.00477042
556.364	0.00441149
556.864	0.00402624
557.364	0.00361707
557.864	0.00318652
558.364	0.00273727
558.864	0.00227209
559.364	0.00179385
559.863	0.00130549
560.363	0.00081003
560.863	0.000310498
561.363	-0.000190044
561.863	-0.000688534
562.363	-0.00118193
562.863	-0.00166723
563.363	-0.00214147
563.863	-0.00260179
564.362	-0.00304539
564.862	-0.00346958
565.362	-0.00387182
565.862	-0.00424969
566.362	-0.00460091
566.862	-0.00492338
567.362	-0.0052152
567.862	-0.00547462
568.361	-0.00570012
568.861	-0.00589038
569.361	-0.00604431
569.861	-0.00616101
570.361	-0.00623985
570.861	-0.00628041
571.361	-0.00628251
571.861	-0.0062462
572.36	-0.00617177
572.86	-0.00605974
573.36	-0.00591087
573.86	-0.00572612
574.36	-0.00550669
574.86	-0.00525398
575.36	-0.0049696
575.86	-0.00465532
576.359	-0.00431314
576.859	-0.00394518
577.359	-0.00355374
577.859	-0.00314126
578.359	-0.00271028
578.859	-0.00226348
579.359	-0.00180362
579.859	-0.00133352
580.358	-0.000856081
580.858	-0.00037423
581.358	0.000109079
581.858	0.000590891
582.358	0.00106826
582.858	0.00153829
583.358	0.0019981
583.858	0.00244491
584.358	0.00287601
584.857	0.00328879
585.357	0.00368076
585.857	0.00404956
586.357	0.00439297
586.857	0.00470894
587.357	0.00499558
587.857	0.0052512
588.357	0.00547428
588.856	0.00566351
589.356	0.0058178
589.856	0.00593626
590.356	0.00601823
590.856	0.00606327
591.356	0.00607116
591.856	0.00604192
592.356	0.00597579
592.855	0.00587324
593.355	0.00573496
593.855	0.00556185
594.355	0.00535503
594.855	0.00511581
595.355	0.00484573
595.855	0.00454647
596.355	0.00421991
596.854	0.00386811
597.354	0.00349324
597.854	0.00309765
598.354	0.00268378
598.854	0.0022542
599.354	0.00181155
599.854	0.00135856
600.354	0.00089803
600.853	0.000432773
601.353	-3.43537e-05
601.853	-0.000500493
602.353	-0.000962795
602.853	-0.00141844
603.353	-0.00186466
603.853	-0.00229873
604.353	-0.00271803
604.853	-0.00312002
605.352	-0.00350226
605.852	-0.00386245
606.352	-0.00419844
606.852	-0.00450819
607.352	-0.00478987
607.852	-0.00504179
608.352	-0.00526247
608.852	-0.00545061
609.351	-0.0056051
609.851	-0.00572507
610.351	-0.00580984
610.851	-0.00585893
611.351	-0.00587212
611.851	-0.00584938
612.351	-0.00579091
612.851	-0.00569711
613.35	-0.00556864
613.85	-0.00540631
614.35	-0.00521119
614.85	-0.00498452
615.35	-0.00472774
615.85	-0.00444245
616.35	-0.00413047
616.85	-0.00379372
617.349	-0.00343432
617.849	-0.0030545
618.349	-0.00265661
618.849	-0.00224311
619.349	-0.00181656
619.849	-0.00137958
620.349	-0.000934865
620.849	-0.000485145
621.348	-3.31762e-05
621.848	0.000418274
622.348	0.000866448
622.848	0.00130861
623.348	0.00174207
623.848	0.00216418
624.348	0.00257239
624.848	0.00296423
625.347	0.00333731
625.847	0.0036894
626.347	0.00401838
626.847	0.00432226
627.347	0.00459923
627.847	0.00484765
628.347	0.00506603
628.847	0.00525309
629.347	0.00540774
629.846	0.00552908
630.346	0.00561642
630.846	0.00566929
631.346	0.00568741
631.846	0.00567072
632.346	0.00561939
632.846	0.00553379
633.346	0.00541449
633.845	0.00526227
634.345	0.00507811
634.845	0.0048632
635.345	0.00461889
635.845	0.00434672
636.345	0.00404841
636.845	0.00372581
637.345	0.00338094
637.844	0.00301594
638.344	0.00263308
638.844	0.00223471
639.344	0.00182331
639.844	0.0014014
640.344	0.000971591
640.844	0.000536513
641.344	9.88365e-05
641.843	-0.000338758
642.343	-0.000773594
642.843	-0.00120302
643.343	-0.00162442
643.843	-0.00203522
644.343	-0.00243293
644.843	-0.00281515
645.343	-0.00317955
645.842	-0.00352394
646.342	-0.00384624
646.842	-0.00414452
647.342	-0.00441698
647.842	-0.00466201
648.342	-0.00487814
648.842	-0.00506411
649.342	-0.00521881
649.842	-0.00534135
650.341	-0.00543104
650.841	-0.00548736
651.341	-0.00551004
651.841	-0.00549898
652.341	-0.0054543
652.841	-0.00537633
653.341	-0.00526559
653.841	-0.00512281
654.34	-0.00494892
654.84	-0.00474501
655.34	-0.0045124
655.84	-0.00425253
656.34	-0.00396705
656.84	-0.00365774
657.34	-0.00332652
657.84	-0.00297545
658.339	-0.00260671
658.839	-0.00222258
659.339	-0.00182544
659.839	-0.00141772
660.339	-0.00100195
660.839	-0.00058067
661.339	-0.000156468
661.839	0.000268056
662.338	0.000690308
662.838	0.00110771
663.338	0.00151771
663.838	0.00191782
664.338	0.00230561
664.838	0.00267872
665.338	0.00303489
665.838	0.00337198
666.337	0.00368794
666.837	0.00398088
667.337	0.00424905
667.837	0.00449083
668.337	0.00470479
668.837	0.00488966
669.337	0.00504436
669.837	0.00516799
670.337	0.00525983
670.836	0.00531937
671.336	0.00534629
671.836	0.00534049
672.336	0.00530204
672.836	0.00523122
673.336	0.00512852
673.836	0.00499461
674.336	0.00483036
674.835	0.00463682
675.335	0.00441521
675.835	0.00416693
676.335	0.00389354
676.835	0.00359675
677.335	0.0032784
677.835	0.00294047
678.335	0.00258507
678.834	0.00221438
679.334	0.00183071
679.834	0.0014364
680.334	0.0010339
680.834	0.00062567
681.334	0.000214219
681.834	-0.000197934
682.334	-0.000608266
682.833	-0.00101427
683.333	-0.00141347
683.833	-0.00180344
684.333	-0.0021818
684.833	-0.00254626
685.333	-0.00289461
685.833	-0.00322473
686.333	-0.00353465
686.832	-0.00382249
687.332	-0.00408653
687.832	-0.00432519
688.332	-0.00453703
688.832	-0.00472082
689.332	-0.00487545
689.832	-0.00500004
690.332	-0.00509386
690.832	-0.00515638
691.331	-0.00518726
691.831	-0.00518637
692.331	-0.00515375
692.831	-0.00508965
693.331	-0.00499451
693.831	-0.00486895
694.331	-0.00471378
694.831	-0.00453
695.33	-0.00431877
695.83	-0.00408142
696.33	-0.00381945
696.83	-0.00353448
697.33	-0.0032283
697.83	-0.0029028
698.33	-0.00256002
698.83	-0.00220205
699.329	-0.00183113
699.829	-0.00144953
700.329	-0.00105961
700.829	-0.000663754
701.329	-0.0002644
701.829	0.000136007
702.329	0.000535015
702.829	0.000930188
703.328	0.00131911
703.828	0.00169942
704.328	0.0020688
704.828	0.002425
705.328	0.00276587
705.828	0.00308934
706.328	0.00339346
706.828	0.00367639
707.327	0.00393644
707.827	0.00417205
708.327	0.00438181
708.827	0.00456448
709.327	0.00471897
709.827	0.00484438
710.327	0.00493998
710.827	0.00500524
711.326	0.00503979
711.826	0.00504346
712.326	0.00501629
712.826	0.00495847
713.326	0.0048704
713.826	0.00475267
714.326	0.00460604
714.826	0.00443143
715.326	0.00422997
715.825	0.00400292
716.325	0.0037517
716.825	0.00347788
717.325	0.00318318
717.825	0.00286941
718.325	0.00253854
718.825	0.0021926
719.325	0.00183373
719.824	0.00146414
720.324	0.00108611
720.824	0.000701971
721.324	0.00031407
721.824	-7.52125e-05
722.324	-0.000463493
722.824	-0.000848398
723.324	-0.00122758
723.823	-0.00159872
724.323	-0.00195957
724.823	-0.00230794
725.323	-0.0026417
725.823	-0.00295884
726.323	-0.00325743
726.823	-0.00353569
727.323	-0.00379194
727.822	-0.00402463
728.322	-0.00423239
728.822	-0.00441396
729.322	-0.00456828
729.822	-0.00469444
730.322	-0.00479171
730.822	-0.00485953
731.322	-0.00489753
731.821	-0.00490552
732.321	-0.00488348
732.821	-0.0048316
733.321	-0.00475023
733.821	-0.0046399
734.321	-0.00450135
734.821	-0.00433544
735.321	-0.00414324
735.821	-0.00392595
736.32	-0.00368494
736.82	-0.00342171
737.32	-0.0031379
737.82	-0.00283528
738.32	-0.00251573
738.82	-0.00218122
739.32	-0.00183381
739.82	-0.00147566
740.319	-0.00110896
740.819	-0.000735978
741.319	-0.000358992
741.819	1.96812e-05
742.319	0.000397724
742.819	0.000772824
743.319	0.00114269
743.819	0.00150507
744.318	0.00185775
744.818	0.0021986
745.318	0.00252554
745.818	0.00283658
746.318	0.00312986
746.818	0.00340359
747.318	0.00365614
747.818	0.00388598
748.317	0.00409173
748.817	0.00427218
749.317	0.00442625
749.817	0.00455303
750.317	0.00465179
750.817	0.00472196
751.317	0.00476314
751.817	0.00477513
752.316	0.00475789
752.816	0.00471156
753.316	0.00463646
753.816	0.0045331
754.316	0.00440214
754.816	0.00424442
755.316	0.00406093
755.816	0.00385285
756.316	0.00362147
756.815	0.00336823
757.315	0.00309472
757.815	0.00280264
758.315	0.00249379
758.815	0.00217009
759.315	0.00183354
759.815	0.00148621
760.315	0.00113024
760.814	0.000767825
761.314	0.000401185
761.814	3.25691e-05
762.314	-0.000335765
762.814	-0.000701564
763.314	-0.00106259
763.814	-0.00141665
764.314	-0.00176158
764.813	-0.00209529
765.313	-0.00241574
765.813	-0.002721
766.313	-0.00300921
766.813	-0.00327864
767.313	-0.00352766
767.813	-0.00375478
768.313	-0.00395864
768.812	-0.00413801
769.312	-0.00429183
769.812	-0.0044192
770.312	-0.00451937
770.812	-0.00459176
771.312	-0.00463597
771.812	-0.00465176
772.312	-0.00463908
772.811	-0.00459803
773.311	-0.0045289
773.811	-0.00443216
774.311	-0.00430843
774.811	-0.00415851
775.311	-0.00398333
775.811	-0.00378402
776.311	-0.00356182
776.811	-0.00331811
777.31	-0.00305442
777.81	-0.00277239
778.31	-0.00247376
778.81	-0.00216039
779.31	-0.0018342
779.81	-0.00149721
780.31	-0.0011515
780.81	-0.000799197
781.309	-0.000442455
781.809	-8.34688e-05
782.309	0.000275564
782.809	0.000632447
783.309	0.000985
783.809	0.00133107
784.309	0.00166855
784.809	0.00199538
785.308	0.00230959
785.808	0.00260925
786.308	0.00289257
786.808	0.00315782
787.308	0.00340341
787.808	0.00362785
788.308	0.00382981
788.808	0.00400807
789.307	0.00416158
789.807	0.00428942
790.307	0.00439085
790.807	0.00446528
791.307	0.00451229
791.807	0.00453162
792.307	0.0045232
792.807	0.0044871
793.306	0.00442359
793.806	0.00433308
794.306	0.00421617
794.806	0.00407361
795.306	0.00390629
795.806	0.00371527
796.306	0.00350176
796.806	0.00326708
797.305	0.0030127
797.805	0.0027402
798.305	0.00245126
798.805	0.00214768
799.305	0.00183134
799.805	0.00150418
800.305	0.00116822
800.805	0.000825519
801.305	0.000478193
801.804	0.000128368
802.304	-0.000221813
802.804	-0.000570206
803.304	-0.000914683
803.804	-0.00125314
804.304	-0.00158352
804.804	-0.0019038
805.304	-0.00221204
805.803	-0.00250637
806.303	-0.002785
806.803	-0.00304625
807.303	-0.00328855
807.803	-0.00351043
808.303	-0.00371056
808.803	-0.00388775
809.303	-0.00404093
809.802	-0.0041692
810.302	-0.00427181
810.802	-0.00434817
811.302	-0.00439782
811.802	-0.00442051
812.302	-0.00441614
812.802	-0.00438475
813.302	-0.00432657
813.801	-0.004242
814.301	-0.00413158
814.801	-0.00399603
815.301	-0.00383619
815.801	-0.00365308
816.301	-0.00344785
816.801	-0.00322178
817.301	-0.00297628
817.8	-0.00271287
818.3	-0.00243319
818.8	-0.00213898
819.3	-0.00183203
819.8	-0.00151426
820.3	-0.00118762
820.8	-0.000854117
821.3	-0.000515799
821.8	-0.000174744
822.299	0.000166959
822.799	0.000507217
823.299	0.000843951
823.799	0.0011751
824.299	0.00149866
824.799	0.00181264
825.299	0.00211515
825.799	0.00240433
826.298	0.00267845
826.798	0.00293584
827.298	0.00317494
827.798	0.00339432
828.298	0.00359265
828.798	0.00376876
829.298	0.00392158
829.798	0.00405021
830.297	0.0041539
830.797	0.00423203
831.297	0.00428417
831.797	0.00431001
832.297	0.00430945
832.797	0.0042825
833.297	0.00422938
833.797	0.00415043
834.296	0.00404617
834.796	0.00391726
835.296	0.00376453
835.796	0.00358894
836.296	0.00339159
836.796	0.00317371
837.296	0.00293666
837.796	0.00268192
838.295	0.00241106
838.795	0.00212576
839.295	0.00182778
839.795	0.00151897
840.295	0.00120122
840.795	0.000876493
841.295	0.000546779
841.795	0.000214102
842.295	-0.000119497
842.794	-0.000451976
843.294	-0.000781303
843.794	-0.00110547
844.294	-0.00142249
844.794	-0.00173044
845.294	-0.00202744
845.794	-0.00231169
846.294	-0.00258147
846.793	-0.00283513
847.293	-0.00307116
847.793	-0.00328811
848.293	-0.0034847
848.793	-0.00365974
849.293	-0.00381218
849.793	-0.00394112
850.293	-0.0040458
850.792	-0.0041256
851.292	-0.00418007
851.792	-0.0042089
852.292	-0.00421194
852.792	-0.00418921
853.292	-0.00414088
853.792	-0.00406726
854.292	-0.00396885
854.791	-0.00384628
855.291	-0.00370031
855.791	-0.00353187
856.291	-0.00334202
856.791	-0.00313195
857.291	-0.00290296
857.791	-0.00265647
858.291	-0.00239402
858.79	-0.00211723
859.29	-0.00182781
859.79	-0.00152755
860.29	-0.00121829
860.79	-0.00090194
861.29	-0.000580441
861.79	-0.000255767
862.29	7.00914e-05
862.789	0.000395139
863.289	0.000717388
863.789	0.00103487
864.289	0.00134565
864.789	0.00164783
865.289	0.00193957
865.789	0.0022191
866.289	0.00248472
866.789	0.00273483
867.288	0.00296791
867.788	0.00318255
868.288	0.00337747
868.788	0.00355149
869.288	0.00370357
869.788	0.0038328
870.288	0.00393843
870.788	0.00401983
871.287	0.00407653
871.787	0.00410821
872.287	0.00411472
872.787	0.00409603
873.287	0.00405229
873.787	0.00398379
874.287	0.003891
874.787	0.00377449
875.286	0.00363501
875.786	0.00347344
876.286	0.00329079
876.786	0.00308821
877.286	0.00286695
877.786	0.0026284
878.286	0.00237403
878.786	0.00210541
879.285	0.00182422
879.785	0.00153217
880.285	0.00123107
880.785	0.000922782
881.285	0.000609189
881.785	0.000292219
882.285	-2.61847e-05
882.785	-0.000344071
883.284	-0.000659496
883.784	-0.000970531
884.284	-0.00127528
884.784	-0.00157188
885.284	-0.00185853
885.784	-0.00213349
886.284	-0.00239509
886.784	-0.00264173
887.284	-0.00287193
887.783	-0.0030843
888.283	-0.00327756
888.783	-0.00345055
889.283	-0.00360223
889.783	-0.00373169
890.283	-0.00383817
890.783	-0.00392105
891.283	-0.00397984
891.782	-0.00401421
892.282	-0.00402397
892.782	-0.0040091
893.282	-0.00396972
893.782	-0.00390608
894.282	-0.00381861
894.782	-0.00370788
895.282	-0.00357457
895.781	-0.00341954
896.281	-0.00324375
896.781	-0.00304831
897.281	-0.00283443
897.781	-0.00260345
898.281	-0.00235679
898.781	-0.00209598
899.281	-0.00182263
899.78	-0.00153844
900.28	-0.00124514
900.78	-0.000944548
901.28	-0.00063851
901.78	-0.000328904
902.28	-1.76275e-05
902.78	0.000293412
903.28	0.000602313
903.779	0.000907185
904.279	0.00120617
904.779	0.00149744
905.279	0.00177923
905.779	0.00204982
906.279	0.00230756
906.779	0.0025509
907.279	0.00277836
907.779	0.00298857
908.278	0.00318025
908.778	0.00335227
909.278	0.00350357
909.778	0.00363328
910.278	0.0037406
910.778	0.00382492
911.278	0.00388573
911.778	0.0039227
912.277	0.00393562
912.777	0.00392445
913.277	0.00388926
913.777	0.00383032
914.277	0.003748
914.777	0.00364284
915.277	0.0035155
915.777	0.00336678
916.276	0.00319762
916.776	0.00300908
917.276	0.00280233
917.776	0.00257866
918.276	0.00233945
918.776	0.00208619
919.276	0.00182044
919.776	0.00154383
920.275	0.00125809
920.775	0.000964954
921.275	0.000666236
921.775	0.000363768
922.275	5.94051e-05
922.775	-0.000244988
923.275	-0.000547549
923.775	-0.000846428
924.274	-0.0011398
924.774	-0.00142587
925.274	-0.00170291
925.774	-0.00196922
926.274	-0.00222319
926.774	-0.00246327
927.274	-0.00268801
927.774	-0.00289605
928.274	-0.00308615
928.773	-0.00325714
929.273	-0.00340801
929.773	-0.00353786
930.273	-0.00364591
930.773	-0.00373152
931.273	-0.0037942
931.773	-0.00383359
932.273	-0.00384947
932.772	-0.00384176
933.272	-0.00381055
933.772	-0.00375604
934.272	-0.0036786
934.772	-0.00357872
935.272	-0.00345704
935.772	-0.00331433
936.272	-0.00315148
936.771	-0.00296951
937.271	-0.00276956
937.771	-0.00255286
938.271	-0.00232076
938.771	-0.0020747
939.271	-0.0018162
939.771	-0.00154686
940.271	-0.00126833
940.77	-0.000982327
941.27	-0.00069061
941.77	-0.000394972
942.27	-9.72253e-05
942.77	0.000200806
943.27	0.000497298
943.77	0.000790436
944.27	0.00107843
944.769	0.00135953
945.269	0.00163201
945.769	0.00189422
946.269	0.00214457
946.769	0.00238153
947.269	0.00260367
947.769	0.00280964
948.269	0.00299821
948.768	0.00316823
949.268	0.00331869
949.768	0.00344868
950.268	0.00355744
950.768	0.00364431
951.268	0.00370879
951.768	0.00375051
952.268	0.00376924
952.768	0.00376488
953.267	0.00373749
953.767	0.00368726
954.267	0.00361453
954.767	0.00351975
955.267	0.00340353
955.767	0.00326661
956.267	0.00310985
956.767	0.00293422
957.266	0.00274082
957.766	0.00253086
958.266	0.00230563
958.766	0.00206654
959.266	0.00181505
959.766	0.00155272
960.266	0.00128117
960.766	0.00100207
961.265	0.00071713
961.765	0.000428107
962.265	0.000136772
962.765	-0.00015509
963.265	-0.000445691
963.765	-0.000733254
964.265	-0.00101602
964.765	-0.00129227
965.264	-0.00156032
965.764	-0.00181852
966.264	-0.00206533
966.764	-0.00229922
967.264	-0.00251879
967.764	-0.00272271
968.264	-0.00290975
968.764	-0.00307877
969.263	-0.00322877
969.763	-0.00335884
970.263	-0.00346821
970.763	-0.00355623
971.263	-0.00362238
971.763	-0.00366628
972.263	-0.00368769
972.763	-0.0036865
973.263	-0.00366273
973.762	-0.00361656
974.262	-0.0035483
974.762	-0.00345837
975.262	-0.00334736
975.762	-0.00321597
976.262	-0.00306502
976.762	-0.00289545
977.262	-0.00270832
977.761	-0.00250481
978.261	-0.00228615
978.761	-0.00205372
979.261	-0.00180895
979.761	-0.00155335
980.261	-0.00128849
980.761	-0.00101601
981.261	-0.000737572
981.76	-0.000454899
982.26	-0.000169721
982.76	0.000116213
983.26	0.000401154
983.76	0.000683358
984.26	0.000961101
984.76	0.00123269
985.26	0.00149646
985.759	0.00175081
986.259	0.0019942
986.759	0.00222514
987.259	0.00244224
987.759	0.00264417
988.259	0.00282973
988.759	0.00299778
989.259	0.00314732
989.758	0.00327746
990.258	0.00338741
990.758	0.00347652
991.258	0.00354427
991.758	0.00359026
992.258	0.00361424
992.758	0.00361608
993.258	0.0035958
993.758	0.00355353
994.257	0.00348956
994.757	0.0034043
995.257	0.0032983
995.757	0.00317222
996.257	0.00302686
996.757	0.00286312
997.257	0.00268204
997.757	0.00248472
998.256	0.0022724
998.756	0.0020464
999.256	0.0018081
999.756	0.00155898
1000.26	0.00130057
1000.76	0.00103447
1001.26	0.000762309
1001.76	0.000485763
1002.26	0.000206528
1002.76	-7.3685e-05
1003.26	-0.00035316
1003.76	-0.000630186
1004.25	-0.00090307
1004.75	-0.00117015
1005.25	-0.00142979
1005.75	-0.00168041
1006.25	-0.00192049
1006.75	-0.00214857
1007.25	-0.00236326
1007.75	-0.00256326
1008.25	-0.00274737
1008.75	-0.00291447
1009.25	-0.00306355
1009.75	-0.00319373
1010.25	-0.00330422
1010.75	-0.00339437
1011.25	-0.00346364
1011.75	-0.00351164
1012.25	-0.00353809
1012.75	-0.00354284
1013.25	-0.00352589
1013.75	-0.00348737
1014.25	-0.00342754
1014.75	-0.00334677
1015.25	-0.0032456
1015.75	-0.00312464
1016.25	-0.00298467
1016.75	-0.00282656
1017.25	-0.0026513
1017.75	-0.00245998
1018.25	-0.00225377
1018.75	-0.00203397
1019.25	-0.00180193
1019.75	-0.00155907
1020.25	-0.00130691
1020.75	-0.00104698
1021.25	-0.000780895
1021.75	-0.000510284
1022.25	-0.000236808
1022.75	3.78568e-05
1023.25	0.000312027
1023.75	0.000584025
1024.25	0.000852187
1024.75	0.00111488
1025.25	0.00137049
1025.75	0.00161747
1026.25	0.00185432
1026.75	0.00207959
1027.25	0.00229191
1027.75	0.00249
1028.25	0.00267267
1028.75	0.0028388
1029.25	0.00298739
1029.75	0.00311756
1030.25	0.00322852
1030.75	0.00331962
1031.25	0.00339031
1031.75	0.00344018
1032.25	0.00346895
1032.75	0.00347647
1033.25	0.0034627
1033.75	0.00342774
1034.25	0.00337185
1034.75	0.00329537
1035.25	0.0031988
1035.75	0.00308274
1036.25	0.00294793
1036.75	0.0027952
1037.25	0.00262552
1037.75	0.00243993
1038.25	0.00223958
1038.75	0.00202573
1039.25	0.00179968
1039.75	0.00156284
1040.25	0.00131666
1040.75	0.00106266
1041.25	0.000802406
1041.75	0.000537491
1042.25	0.000269544
1042.75	2.0668e-07
1043.25	-0.00026887
1043.75	-0.00053604
1044.25	-0.000799669
1044.75	-0.00105815
1045.24	-0.0013099
1045.74	-0.00155339
1046.24	-0.00178713
1046.74	-0.00200971
1047.24	-0.00221976
1047.74	-0.00241603
1048.24	-0.00259732
1048.74	-0.00276253
1049.24	-0.00291067
1049.74	-0.00304084
1050.24	-0.00315228
1050.74	-0.00324431
1051.24	-0.00331639
1051.74	-0.0033681
1052.24	-0.00339913
1052.74	-0.00340933
1053.24	-0.00339865
1053.74	-0.00336716
1054.24	-0.0033151
1054.74	-0.00324278
1055.24	-0.00315068
1055.74	-0.00303938
1056.24	-0.00290958
1056.74	-0.00276209
1057.24	-0.00259782
1057.74	-0.00241781
1058.24	-0.00222316
1058.74	-0.00201509
1059.24	-0.00179488
1059.74	-0.00156388
1060.24	-0.00132354
1060.74	-0.00107531
1061.24	-0.000820733
1061.74	-0.000561373
1062.24	-0.00029882
1062.74	-3.46846e-05
1063.24	0.000229415
1063.74	0.000491861
1064.24	0.000751049
1064.74	0.0010054
1065.24	0.00125335
1065.74	0.0014934
1066.24	0.00172407
1066.74	0.00194398
1067.24	0.00215178
1067.74	0.00234621
1068.24	0.00252609
1068.74	0.00269034
1069.24	0.00283797
1069.74	0.00296808
1070.24	0.0030799
1070.74	0.00317275
1071.24	0.0032461
1071.74	0.0032995
1072.24	0.00333265
1072.74	0.00334536
1073.24	0.00333758
1073.74	0.00330937
1074.24	0.00326093
1074.74	0.00319257
1075.24	0.00310472
1075.74	0.00299794
1076.24	0.0028729
1076.74	0.00273039
1077.24	0.0025713
1077.74	0.0023966
1078.24	0.00220739
1078.74	0.00200484
1079.24	0.0017902
1079.74	0.0015648
1080.24	0.00133002
1080.74	0.00108731
1081.24	0.000838162
1081.74	0.00058411
1082.24	0.000326712
1082.74	6.75472e-05
1083.24	-0.000191797
1083.74	-0.000449733
1084.24	-0.000704683
1084.74	-0.000955088
1085.24	-0.00119942
1085.74	-0.00143619
1086.23	-0.00166396
1086.73	-0.00188133
1087.23	-0.002087
1087.73	-0.0022797
1088.23	-0.00245827
1088.73	-0.00262164
1089.23	-0.00276881
1089.73	-0.0028989
1090.23	-0.00301114
1090.73	-0.00310484
1091.23	-0.00317945
1091.73	-0.00323453
1092.23	-0.00326977
1092.73	-0.00328497
1093.23	-0.00328004
1093.73	-0.00325505
1094.23	-0.00321015
1094.73	-0.00314565
1095.23	-0.00306196
1095.73	-0.0029596
1096.23	-0.00283923
1096.73	-0.00270159
1097.23	-0.00254754
1097.73	-0.00237804
1098.23	-0.00219414
1098.73	-0.00199698
1099.23	-0.00178778
1099.73	-0.00156783
1100.23	-0.00133849
1100.73	-0.00110117
1101.23	-0.000857334
1101.73	-0.000608473
1102.23	-0.000356118
1102.73	-0.000101818
1103.23	0.000152869
1103.73	0.000406383
1104.23	0.000657174
1104.73	0.000903708
1105.23	0.00114448
1105.73	0.00137802
1106.23	0.00160291
1106.73	0.00181778
1107.23	0.00202131
1107.73	0.00221228
1108.23	0.00238953
1108.73	0.00255199
1109.23	0.00269866
1109.73	0.00282868
1110.23	0.00294125
1110.73	0.00303571
1111.23	0.00311149
1111.73	0.00316815
1112.23	0.00320536
1112.73	0.0032229
1113.23	0.00322068
1113.73	0.00319874
1114.23	0.00315723
1114.73	0.00309643
1115.23	0.00301671
1115.73	0.00291858
1116.23	0.00280267
1116.73	0.00266969
1117.23	0.00252048
1117.73	0.00235597
1118.23	0.00217717
1118.73	0.00198519
1119.23	0.00178122
1119.73	0.00156652
1120.23	0.00134241
1120.73	0.00111027
1121.23	0.000871535
1121.73	0.000627666
1122.23	0.000380162
1122.73	0.000130541
1123.23	-0.000119667
1123.73	-0.00036893
1124.23	-0.000615722
1124.73	-0.000858535
1125.23	-0.00109589
1125.73	-0.00132633
1126.23	-0.00154846
1126.73	-0.00176092
1127.22	-0.00196242
1127.72	-0.00215174
1128.22	-0.00232773
1128.72	-0.00248932
1129.22	-0.00263554
1129.72	-0.00276551
1130.22	-0.00287844
1130.72	-0.00297366
1131.22	-0.0030506
1131.72	-0.0031088
1132.22	-0.00314794
1132.72	-0.00316778
1133.22	-0.00316821
1133.72	-0.00314926
1134.22	-0.00311106
1134.72	-0.00305386
1135.22	-0.00297802
1135.72	-0.00288402
1136.22	-0.00277247
1136.72	-0.00264404
1137.22	-0.00249956
1137.72	-0.00233991
1138.22	-0.00216608
1138.72	-0.00197916
1139.22	-0.00178029
1139.72	-0.00157071
1140.22	-0.0013517
1140.72	-0.00112463
1141.22	-0.000890876
1141.72	-0.000651884
1142.22	-0.00040912
1142.72	-0.000164075
1143.22	8.17512e-05
1143.72	0.000326852
1144.22	0.000569727
1144.72	0.000808892
1145.22	0.00104289
1145.72	0.00127028
1146.22	0.00148969
1146.72	0.00169978
1147.22	0.00189927
1147.72	0.00208695
1148.22	0.00226168
1148.72	0.0024224
1149.22	0.00256814
1149.72	0.00269803
1150.22	0.00281127
1150.72	0.00290719
1151.22	0.00298523
1151.72	0.00304491
1152.22	0.00308588
1152.72	0.00310792
1153.22	0.00311091
1153.72	0.00309483
1154.22	0.00305982
1154.72	0.00300609
1155.22	0.002934
1155.72	0.00284399
1156.22	0.00273665
1156.72	0.00261263
1157.22	0.00247272
1157.72	0.00231778
1158.22	0.00214878
1158.72	0.00196676
1159.22	0.00177285
1159.72	0.00156824
1160.22	0.00135419
1160.72	0.00113204
1161.22	0.000903134
1161.72	0.000668889
1162.22	0.000430743
1162.72	0.000190156
1163.22	-5.13967e-05
1163.72	-0.000292435
1164.22	-0.000531484
1164.72	-0.000767082
1165.22	-0.000997789
1165.72	-0.0012222
1166.22	-0.00143894
1166.72	-0.00164669
1167.22	-0.0018442
1167.72	-0.00203025
1168.21	-0.00220371
1168.71	-0.00236355
1169.21	-0.00250879
1169.71	-0.00263855
1170.21	-0.00275205
1170.71	-0.00284862
1171.21	-0.00292767
1171.71	-0.00298874
1172.21	-0.00303146
1172.71	-0.0030556
1173.21	-0.00306101
1173.71	-0.00304769
1174.21	-0.00301573
1174.71	-0.00296534
1175.21	-0.00289684
1175.71	-0.00281067
1176.21	-0.00270738
1176.71	-0.00258761
1177.21	-0.0024521
1177.71	-0.00230171
1178.21	-0.00213736
1178.71	-0.00196006
1179.21	-0.00177093
1179.71	-0.00157112
1180.21	-0.00136187
1180.71	-0.00114447
1181.21	-0.000920247
1181.71	-0.00069059
1182.21	-0.000456906
1182.71	-0.00022063
1183.21	1.67904e-05
1183.71	0.0002539
1184.21	0.000489248
1184.71	0.000721395
1185.21	0.000948923
1185.71	0.00117044
1186.21	0.0013846
1186.71	0.0015901
1187.21	0.00178568
1187.71	0.00197015
1188.21	0.00214241
1188.71	0.00230139
1189.21	0.00244615
1189.71	0.0025758
1190.21	0.00268956
1190.71	0.00278676
1191.21	0.00286681
1191.71	0.00292923
1192.21	0.00297366
1192.71	0.00299984
1193.21	0.00300763
1193.71	0.00299699
1194.21	0.00296801
1194.71	0.00292087
1195.21	0.00285589
1195.71	0.00277347
1196.21	0.00267413
1196.71	0.0025585
1197.21	0.0024273
1197.71	0.00228135
1198.21	0.00212154
1198.71	0.00194887
1199.21	0.00176442
1199.71	0.0015693
1200.21	0.00136475
1200.71	0.001152
1201.21	0.000932371
1201.71	0.000707215
1202.21	0.000477914
1202.71	0.000245876
1203.21	1.25217e-05
1203.71	-0.000220717
1204.21	-0.000452413
1204.71	-0.000681149
1205.21	-0.000905526
1205.71	-0.00112418
1206.21	-0.00133576
1206.71	-0.001539
1207.21	-0.00173264
1207.71	-0.00191552
1208.21	-0.00208652
1208.71	-0.0022446
1209.2	-0.00238881
1209.7	-0.00251828
1210.2	-0.00263222
1210.7	-0.00272995
1211.2	-0.00281089
1211.7	-0.00287455
1212.2	-0.00292056
1212.7	-0.00294865
1213.2	-0.00295866
1213.7	-0.00295055
1214.2	-0.00292438
1214.7	-0.00288033
1215.2	-0.00281868
1215.7	-0.00273982
1216.2	-0.00264425
1216.7	-0.00253257
1217.2	-0.00240547
1217.7	-0.00226375
1218.2	-0.00210829
1218.7	-0.00194004
1219.2	-0.00176005
1219.7	-0.00156944
1220.2	-0.00136937
1220.7	-0.00116107
1221.2	-0.000945842
1221.7	-0.000724993
1222.2	-0.000499886
1222.7	-0.0002719
1223.2	-4.24349e-05
1223.7	0.000187104
1224.2	0.000415312
1224.7	0.000640792
1225.2	0.000862166
1225.7	0.00107808
1226.2	0.00128722
1226.7	0.00148832
1227.2	0.00168013
1227.7	0.00186151
1228.2	0.00203134
1228.7	0.0021886
1229.2	0.00233234
1229.7	0.00246168
1230.2	0.00257584
1230.7	0.00267414
1231.2	0.002756
1231.7	0.00282091
1232.2	0.0028685
1232.7	0.0028985
1233.2	0.00291072
1233.7	0.00290512
1234.2	0.00288174
1234.7	0.00284074
1235.2	0.00278238
1235.7	0.00270703
1236.2	0.00261518
1236.7	0.00250739
1237.2	0.00238434
1237.7	0.00224679
1238.2	0.00209561
1238.7	0.00193171
1239.2	0.00175613
1239.7	0.00156994
1240.2	0.0013743
1240.7	0.0011704
1241.2	0.000959504
1241.7	0.000742909
1242.2	0.000521945
1242.7	0.000297968
1243.2	7.23525e-05
1243.7	-0.000153519
1244.2	-0.000378264
1244.7	-0.000600506
1245.2	-0.000818888
1245.7	-0.00103207
1246.2	-0.00123876
1246.7	-0.0014377
1247.2	-0.00162766
1247.7	-0.0018075
1248.2	-0.00197612
1248.7	-0.0021325
1249.2	-0.0022757
1249.69	-0.00240483
1250.19	-0.00251913
1250.69	-0.00261791
1251.19	-0.00270058
1251.69	-0.00276663
1252.19	-0.00281569
1252.69	-0.00284746
1253.19	-0.00286176
1253.69	-0.00285852
1254.19	-0.00283778
1254.69	-0.00279966
1255.19	-0.00274443
1255.69	-0.00267243
1256.19	-0.00258412
1256.69	-0.00248004
1257.19	-0.00236086
1257.69	-0.00222731
1258.19	-0.00208021
1258.69	-0.00192049
1259.19	-0.00174913
1259.69	-0.00156719
1260.19	-0.00137579
1260.69	-0.00117611
1261.19	-0.000969372
1261.69	-0.000756858
1262.19	-0.00053987
1262.69	-0.00031974
1263.19	-9.78178e-05
1263.69	0.000124536
1264.19	0.00034596
1264.69	0.0005651
1265.19	0.000780615
1265.69	0.000991188
1266.19	0.00119554
1266.69	0.00139241
1267.19	0.00158061
1267.69	0.001759
1268.19	0.00192648
1268.69	0.00208204
1269.19	0.00222474
1269.69	0.00235372
1270.19	0.00246819
1270.69	0.00256747
1271.19	0.00265096
1271.69	0.00271816
1272.19	0.00276867
1272.69	0.0028022
1273.19	0.00281855
1273.69	0.00281765
1274.19	0.0027995
1274.69	0.00276423
1275.19	0.00271207
1275.69	0.00264336
1276.19	0.00255853
1276.69	0.00245811
1277.19	0.00234272
1277.69	0.00221309
1278.19	0.00207002
1278.69	0.00191439
1279.19	0.00174718
1279.69	0.00156941
1280.19	0.00138218
1280.69	0.00118664
1281.19	0.000983993
1281.69	0.000775494
1282.19	0.000562418
1282.69	0.000346075
1283.19	0.000127791
1283.69	-9.10942e-05
1284.19	-0.000309241
1284.69	-0.000525315
1285.19	-0.000737993
1285.69	-0.000945977
1286.19	-0.001148
1286.69	-0.00134282
1287.19	-0.00152926
1287.69	-0.00170618
1288.19	-0.0018725
1288.69	-0.00202722
1289.19	-0.0021694
1289.69	-0.00229817
1290.19	-0.00241276
1290.68	-0.00251247
1291.18	-0.00259672
1291.68	-0.00266498
1292.18	-0.00271687
1292.68	-0.00275207
1293.18	-0.00277038
1293.68	-0.0027717
1294.18	-0.00275603
1294.68	-0.0027235
1295.18	-0.0026743
1295.68	-0.00260875
1296.18	-0.00252727
1296.68	-0.00243036
1297.18	-0.00231864
1297.68	-0.0021928
1298.18	-0.00205361
1298.68	-0.00190195
1299.18	-0.00173874
1299.68	-0.00156501
1300.18	-0.00138181
1300.68	-0.00119028
1301.18	-0.000991605
1301.68	-0.000786995
1302.18	-0.000577713
1302.68	-0.000365044
1303.18	-0.000150292
1303.68	6.52269e-05
1304.18	0.000280191
1304.68	0.000493286
1305.18	0.000703207
1305.68	0.000908673
1306.18	0.00110843
1306.68	0.00130125
1307.18	0.00148597
1307.68	0.00166146
1308.18	0.00182665
1308.68	0.00198054
1309.18	0.0021222
1309.68	0.00225076
1310.18	0.00236546
1310.68	0.00246559
1311.18	0.00255055
1311.68	0.00261985
1312.18	0.00267306
1312.68	0.00270987
1313.18	0.00273006
1313.68	0.00273354
1314.18	0.00272028
1314.68	0.00269039
1315.18	0.00264405
1315.68	0.00258157
1316.18	0.00250333
1316.68	0.00240983
1317.18	0.00230166
1317.68	0.00217949
1318.18	0.00204407
1318.68	0.00189624
1319.18	0.00173693
1319.68	0.0015671
1320.18	0.00138782
1320.68	0.00120018
1321.18	0.00100534
1321.68	0.000804507
1322.18	0.000598903
1322.68	0.000389794
1323.18	0.000178463
1323.68	-3.37929e-05
1324.18	-0.000245675
1324.68	-0.000455885
1325.18	-0.000663138
1325.68	-0.000866168
1326.18	-0.00106373
1326.68	-0.00125463
1327.18	-0.00143769
1327.68	-0.00161181
1328.18	-0.00177592
1328.68	-0.00192902
1329.18	-0.00207019
1329.68	-0.00219857
1330.18	-0.00231338
1330.68	-0.00241394
1331.18	-0.00249963
1331.67	-0.00256995
1332.17	-0.00262447
1332.67	-0.00266287
1333.17	-0.00268494
1333.67	-0.00269053
1334.17	-0.00267965
1334.67	-0.00265235
1335.17	-0.00260883
1335.67	-0.00254936
1336.17	-0.00247432
1336.67	-0.00238418
1337.17	-0.0022795
1337.67	-0.00216094
1338.17	-0.00202922
1338.67	-0.00188517
1339.17	-0.00172968
1339.67	-0.00156371
1340.17	-0.00138828
1340.67	-0.00120447
1341.17	-0.00101342
1341.67	-0.000816302
1342.17	-0.000614325
1342.67	-0.000408731
1343.17	-0.000200781
1343.67	8.2488e-06
1344.17	0.000217079
1344.67	0.00042443
1345.17	0.000629033
1345.67	0.000829639
1346.17	0.00102502
1346.67	0.00121399
1347.17	0.00139538
1347.67	0.00156811
1348.17	0.0017311
1348.67	0.00188339
1349.17	0.00202403
1349.67	0.00215218
1350.17	0.00226706
1350.67	0.00236798
1351.17	0.00245432
1351.67	0.00252558
1352.17	0.00258133
1352.67	0.00262123
1353.17	0.00264506
1353.67	0.00265267
1354.17	0.00264404
1354.67	0.00261924
1355.17	0.00257841
1355.67	0.00252183
1356.17	0.00244985
1356.67	0.00236293
1357.17	0.0022616
1357.67	0.0021465
1358.17	0.00201835
1358.67	0.00187793
1359.17	0.00172612
1359.67	0.00156386
1360.17	0.00139214
1360.67	0.00121202
1361.17	0.00102461
1361.67	0.000831074
1362.17	0.000632588
1362.67	0.000430375
1363.17	0.000225676
1363.67	1.97452e-05
1364.17	-0.000186155
1364.67	-0.000390764
1365.17	-0.00059283
1365.67	-0.000791118
1366.17	-0.000984417
1366.67	-0.00117155
1367.17	-0.00135137
1367.67	-0.00152278
1368.17	-0.00168474
1368.67	-0.00183628
1369.17	-0.00197645
1369.67	-0.00210443
1370.17	-0.00221942
1370.67	-0.00232075
1371.17	-0.00240778
1371.67	-0.00248002
1372.17	-0.00253702
1372.66	-0.00257844
1373.16	-0.00260405
1373.66	-0.00261369
1374.16	-0.00260732
1374.66	-0.002585
1375.16	-0.00254687
1375.66	-0.00249317
1376.16	-0.00242424
1376.66	-0.00234053
1377.16	-0.00224255
1377.66	-0.0021309
1378.16	-0.0020063
1378.66	-0.0018695
1379.16	-0.00172136
1379.66	-0.00156279
1380.16	-0.00139476
1380.66	-0.00121832
1381.16	-0.00103456
1381.66	-0.000844591
1382.16	-0.000649594
1382.66	-0.000450765
1383.16	-0.000249322
1383.66	-4.65028e-05
1384.16	0.000156451
1384.66	0.000358296
1385.16	0.000557797
1385.66	0.000753735
1386.16	0.000944912
1386.66	0.00113016
1387.16	0.00130835
1387.66	0.0014784
1388.16	0.00163926
1388.66	0.00178997
1389.16	0.00192961
1389.66	0.00205732
1390.16	0.00217234
1390.66	0.00227397
1391.16	0.0023616
1391.66	0.0024347
1392.16	0.00249283
1392.66	0.00253566
1393.16	0.00256292
1393.66	0.00257446
1394.16	0.00257023
1394.66	0.00255025
1395.16	0.00251467
1395.66	0.00246371
1396.16	0.0023977
1396.66	0.00231704
1397.16	0.00222225
1397.66	0.00211392
1398.16	0.00199271
1398.66	0.00185939
1399.16	0.00171476
1399.66	0.00155974
1400.16	0.00139527
1400.66	0.00122237
1401.16	0.0010421
1401.66	0.000855572
1402.16	0.000663935
1402.66	0.000468363
1403.16	0.000270056
1403.66	7.02322e-05
1404.16	-0.000129885
1404.66	-0.000329071
1405.16	-0.000526105
1405.66	-0.000719783
1406.16	-0.000908922
1406.66	-0.00109237
1407.16	-0.001269
1407.66	-0.00143774
1408.16	-0.00159756
1408.66	-0.00174749
1409.16	-0.00188663
1409.66	-0.00201412
1410.16	-0.00212919
1410.66	-0.00223114
1411.16	-0.00231937
1411.66	-0.00239334
1412.16	-0.00245261
1412.66	-0.00249683
1413.16	-0.00252573
1413.65	-0.00253916
1414.15	-0.00253703
1414.65	-0.00251937
1415.15	-0.00248631
1415.65	-0.00243806
1416.15	-0.00237491
1416.65	-0.00229728
1417.15	-0.00220564
1417.65	-0.00210057
1418.15	-0.00198272
1418.65	-0.00185281
1419.15	-0.00171167
1419.65	-0.00156014
1420.15	-0.00139918
1420.65	-0.00122978
1421.15	-0.00105297
1421.65	-0.000869842
1422.15	-0.000681528
1422.65	-0.000489183
1423.15	-0.000293986
1423.65	-9.71356e-05
1424.15	0.000100163
1424.65	0.0002967
1425.15	0.000491274
1425.65	0.000682693
1426.15	0.000869788
1426.65	0.00105142
1427.15	0.00122647
1427.65	0.00139388
1428.15	0.00155263
1428.65	0.00170175
1429.15	0.00184034
1429.65	0.00196755
1430.15	0.00208261
1430.65	0.00218483
1431.15	0.00227359
1431.65	0.00234836
1432.15	0.00240868
1432.65	0.00245421
1433.15	0.00248466
1433.65	0.00249987
1434.15	0.00249975
1434.65	0.00248431
1435.15	0.00245366
1435.65	0.002408
1436.15	0.00234761
1436.65	0.00227289
1437.15	0.00218428
1437.65	0.00208236
1438.15	0.00196774
1438.65	0.00184115
1439.15	0.00170336
1439.65	0.00155522
1440.15	0.00139766
1440.65	0.00123164
1441.15	0.00105818
1441.65	0.000878356
1442.15	0.000693269
1442.65	0.000504056
1443.15	0.000311879
1443.65	0.000117918
1444.15	-7.66394e-05
1444.65	-0.000270601
1445.15	-0.000462779
1445.65	-0.000651998
1446.15	-0.000837102
1446.65	-0.00101696
1447.15	-0.00119047
1447.65	-0.00135658
1448.15	-0.00151428
1448.65	-0.0016626
1449.15	-0.00180065
1449.65	-0.00192758
1450.15	-0.00204263
1450.65	-0.00214509
1451.15	-0.00223436
1451.65	-0.00230989
1452.15	-0.00237123
1452.65	-0.00241802
1453.15	-0.00244997
1453.65	-0.0024669
1454.15	-0.00246873
1454.64	-0.00245544
1455.14	-0.00242713
1455.64	-0.00238398
1456.14	-0.00232627
1456.64	-0.00225437
1457.14	-0.00216871
1457.64	-0.00206984
1458.14	-0.00195836
1458.64	-0.00183498
1459.14	-0.00170045
1459.64	-0.00155561
1460.14	-0.00140135
1460.64	-0.00123861
1461.14	-0.00106842
1461.64	-0.000891795
1462.14	-0.000709842
1462.64	-0.000523672
1463.14	-0.000334429
1463.64	-0.000143274
1464.14	4.86224e-05
1464.64	0.000240083
1465.14	0.000429937
1465.64	0.000617023
1466.14	0.000800196
1466.64	0.000978338
1467.14	0.00115036
1467.64	0.00131522
1468.14	0.0014719
1468.64	0.00161946
1469.14	0.00175699
1469.64	0.00188367
1470.14	0.00199871
1470.64	0.00210144
1471.14	0.00219122
1471.64	0.00226751
1472.14	0.00232986
1472.64	0.0023779
1473.14	0.00241134
1473.64	0.00242998
1474.14	0.00243372
1474.64	0.00242255
1475.14	0.00239655
1475.64	0.00235589
1476.14	0.00230082
1476.64	0.00223169
1477.14	0.00214894
1477.64	0.00205308
1478.14	0.00194471
1478.64	0.00182449
1479.14	0.00169318
1479.64	0.00155159
1480.14	0.00140059
1480.64	0.0012411
1481.14	0.00107412
1481.64	0.000900674
1482.14	0.000721822
1482.64	0.000538666
1483.14	0.000352331
1483.64	0.000163961
1484.14	-2.52904e-05
1484.64	-0.000214263
1485.14	-0.000401799
1485.64	-0.000586753
1486.14	-0.000767991
1486.64	-0.000944408
1487.14	-0.00111493
1487.64	-0.0012785
1488.14	-0.00143415
1488.64	-0.0015809
1489.14	-0.00171789
1489.64	-0.00184426
1490.14	-0.00195925
1490.64	-0.00206217
1491.14	-0.0021524
1491.64	-0.00222939
1492.14	-0.00229267
1492.64	-0.00234188
1493.14	-0.00237671
1493.64	-0.00239696
1494.14	-0.00240253
1494.64	-0.00239338
1495.14	-0.00236958
1495.63	-0.00233129
1496.13	-0.00227874
1496.63	-0.00221228
1497.13	-0.00213232
1497.63	-0.00203935
1498.13	-0.00193396
1498.63	-0.00181679
1499.13	-0.00168858
1499.63	-0.00155011
1500.13	-0.00140224
1500.63	-0.00124589
1501.13	-0.00108201
1501.63	-0.000911609
1502.13	-0.000735742
1502.63	-0.000555487
1503.13	-0.00037195
1503.63	-0.000186257
1504.13	4.53474e-07
1504.63	0.000187037
1505.13	0.000372352
1505.63	0.000555263
1506.13	0.000734654
1506.63	0.000909426
1507.13	0.00107851
1507.63	0.00124089
1508.13	0.00139555
1508.63	0.00154157
1509.13	0.00167805
1509.63	0.00180417
1510.13	0.00191915
1510.63	0.00202231
1511.13	0.00211302
1511.63	0.00219072
1512.13	0.00225496
1512.63	0.00230535
1513.13	0.00234159
1513.63	0.00236347
1514.13	0.00237086
1514.63	0.00236373
1515.13	0.00234213
1515.63	0.00230621
1516.13	0.00225618
1516.63	0.00219238
1517.13	0.00211519
1517.63	0.0020251
1518.13	0.00192267
1518.63	0.00180854
1519.13	0.00168341
1519.63	0.00154805
1520.13	0.0014033
1520.63	0.00125006
1521.13	0.00108927
1521.63	0.000921915
1522.13	0.000749027
1522.63	0.000571668
1523.13	0.000390927
1523.63	0.000207914
1524.13	2.37502e-05
1524.63	-0.000160435
1525.13	-0.000343513
1525.63	-0.000524365
1526.13	-0.000701883
1526.63	-0.000874984
1527.13	-0.00104261
1527.63	-0.00120374
1528.13	-0.00135738
1528.63	-0.00150261
1529.13	-0.00163854
1529.63	-0.00176434
1530.13	-0.00187925
1530.63	-0.00198257
1531.13	-0.00207368
1531.63	-0.00215203
1532.13	-0.00221714
1532.63	-0.00226862
1533.13	-0.00230618
1533.63	-0.00232958
1534.13	-0.0023387
1534.63	-0.00233348
1535.13	-0.00231398
1535.63	-0.00228031
1536.13	-0.00223269
1536.62	-0.00217142
1537.12	-0.00209689
1537.62	-0.00200956
1538.12	-0.00190998
1538.62	-0.00179876
1539.12	-0.00167659
1539.62	-0.00154423
1540.12	-0.00140249
1540.62	-0.00125225
1541.12	-0.00109443
1541.62	-0.000930005
1542.12	-0.000759986
1542.62	-0.000585417
1543.12	-0.000407371
1543.62	-0.000226939
1544.12	-4.52285e-05
1544.62	0.000136647
1545.12	0.000317575
1545.62	0.000496446
1546.12	0.000672167
1546.62	0.000843664
1547.12	0.00100989
1547.62	0.00116983
1548.12	0.00132251
1548.62	0.00146699
1549.12	0.00160241
1549.62	0.00172793
1550.12	0.00184279
1550.62	0.0019463
1551.12	0.00203783
1551.62	0.00211683
1552.12	0.00218282
1552.62	0.0022354
1553.12	0.00227427
1553.62	0.00229918
1554.12	0.00231001
1554.62	0.00230669
1555.12	0.00228925
1555.62	0.00225781
1556.12	0.00221257
1556.62	0.00215381
1557.12	0.0020819
1557.62	0.0019973
1558.12	0.00190052
1558.62	0.00179217
1559.12	0.00167292
1559.62	0.00154351
1560.12	0.00140473
1560.62	0.00125745
1561.12	0.00110256
1561.62	0.000941023
1562.12	0.000773833
1562.62	0.000602015
1563.12	0.000426624
1563.62	0.000248738
1564.12	6.94473e-05
1564.62	-0.00011015
1565.12	-0.000288953
1565.62	-0.000465869
1566.12	-0.000639814
1566.62	-0.000809725
1567.12	-0.000974564
1567.62	-0.00113333
1568.12	-0.00128504
1568.62	-0.00142879
1569.12	-0.00156369
1569.62	-0.00168892
1570.12	-0.00180372
1570.62	-0.00190741
1571.12	-0.00199934
1571.62	-0.00207896
1572.12	-0.0021458
1572.62	-0.00219945
1573.12	-0.00223959
1573.62	-0.00226599
1574.12	-0.00227848
1574.62	-0.00227702
1575.12	-0.0022616
1575.62	-0.00223234
1576.12	-0.00218942
1576.62	-0.00213312
1577.12	-0.00206379
1577.61	-0.00198185
1578.11	-0.00188783
1578.61	-0.0017823
1579.11	-0.00166592
1579.61	-0.0015394
1580.11	-0.00140354
1580.61	-0.00125916
1581.11	-0.00110715
1581.61	-0.000948459
1582.11	-0.000784053
1582.61	-0.000614945
1583.11	-0.000442173
1583.61	-0.000266798
1584.11	-8.98953e-05
1584.61	8.74508e-05
1585.11	0.000264154
1585.61	0.000439132
1586.11	0.000611316
1586.61	0.000779651
1587.11	0.00094311
1587.61	0.00110069
1588.11	0.00125144
1588.61	0.00139444
1589.11	0.00152881
1589.61	0.00165373
1590.11	0.00176846
1590.61	0.00187228
1591.11	0.00196458
1591.61	0.0020448
1592.11	0.00211244
1592.61	0.00216711
1593.11	0.00220848
1593.61	0.00223629
1594.11	0.0022504
1594.61	0.00225073
1595.11	0.00223727
1595.61	0.00221012
1596.11	0.00216946
1596.61	0.00211554
1597.11	0.00204871
1597.61	0.00196937
1598.11	0.00187802
1598.61	0.00177523
1599.11	0.00166163
1599.61	0.00153794
1600.11	0.0014049
1600.61	0.00126335
1601.11	0.00111415
1601.61	0.000958216
1602.11	0.000796518
1602.61	0.000630044
1603.11	0.000459817
1603.61	0.000286882
1604.11	0.000112298
1604.61	-6.28634e-05
1605.11	-0.00023753
1605.61	-0.000410632
1606.11	-0.000581112
1606.61	-0.000747926
1607.11	-0.000910056
1607.61	-0.00106651
1608.11	-0.00121634
1608.61	-0.00135862
1609.11	-0.0014925
1609.61	-0.00161715
1610.11	-0.00173183
1610.61	-0.00183583
1611.11	-0.00192852
1611.61	-0.00200934
1612.11	-0.00207781
1612.61	-0.00213351
1613.11	-0.00217612
1613.61	-0.00220537
1614.11	-0.00222111
1614.61	-0.00222323
1615.11	-0.00221173
1615.61	-0.00218671
1616.11	-0.0021483
1616.61	-0.00209677
1617.11	-0.00203243
1617.61	-0.00195569
1618.11	-0.00186702
1618.6	-0.00176697
1619.1	-0.00165617
1619.6	-0.0015353
1620.1	-0.0014051
1620.6	-0.00126638
1621.1	-0.00112
1621.6	-0.00096685
1622.1	-0.000807878
1622.6	-0.000644059
1623.1	-0.000476401
1623.6	-0.000305933
1624.1	-0.0001337
1624.6	3.92408e-05
1625.1	0.000211831
1625.6	0.000383014
1626.1	0.000551741
1626.6	0.000716981
1627.1	0.000877725
1627.6	0.00103299
1628.1	0.00118183
1628.6	0.00132333
1629.1	0.00145664
1629.6	0.00158094
1630.1	0.00169548
1630.6	0.00179956
1631.1	0.00189255
1631.6	0.00197389
1632.1	0.00204309
1632.6	0.00209972
1633.1	0.00214346
1633.6	0.00217404
1634.1	0.00219128
1634.6	0.00219509
1635.1	0.00218544
1635.6	0.00216242
1636.1	0.00212615
1636.6	0.00207689
1637.1	0.00201493
1637.6	0.00194066
1638.1	0.00185455
1638.6	0.00175713
1639.1	0.001649
1639.6	0.00153083
1640.1	0.00140336
1640.6	0.00126736
1641.1	0.00112368
1641.6	0.000973198
1642.1	0.000816844
1642.6	0.000655577
1643.1	0.000490388
1643.6	0.000322291
1644.1	0.000152317
1644.6	-1.84925e-05
1645.1	-0.00018909
1645.6	-0.000358432
1646.1	-0.000525482
1646.6	-0.000689218
1647.1	-0.000848639
1647.6	-0.00100277
1648.1	-0.00115068
1648.6	-0.00129145
1649.1	-0.00142424
1649.6	-0.00154823
1650.1	-0.00166266
1650.6	-0.00176686
1651.1	-0.00186017
1651.6	-0.00194205
1652.1	-0.00201199
1652.6	-0.00206957
1653.1	-0.00211444
1653.6	-0.00214635
1654.1	-0.00216511
1654.6	-0.00217059
1655.1	-0.00216279
1655.6	-0.00214176
1656.1	-0.00210763
1656.6	-0.00206062
1657.1	-0.00200103
1657.6	-0.00192922
1658.1	-0.00184565
1658.6	-0.00175084
1659.09	-0.00164537
1659.59	-0.0015299
1660.09	-0.00140513
1660.59	-0.00127185
1661.09	-0.00113086
1661.59	-0.000983044
1662.09	-0.000829303
1662.59	-0.000670585
1663.09	-0.000507865
1663.59	-0.000342142
1664.09	-0.000174433
1664.59	-5.76634e-06
1665.09	0.000162825
1665.59	0.000330308
1666.09	0.000495657
1666.59	0.000657862
1667.09	0.000815931
1667.59	0.000968897
1668.09	0.00111583
1668.59	0.00125583
1669.09	0.00138804
1669.59	0.00151166
1670.09	0.00162594
1670.59	0.00173019
1671.09	0.00182376
1671.59	0.0019061
1672.09	0.00197671
1672.59	0.00203515
1673.09	0.00208109
1673.59	0.00211425
1674.09	0.00213442
1674.59	0.0021415
1675.09	0.00213545
1675.59	0.00211632
1676.09	0.00208422
1676.59	0.00203937
1677.09	0.00198205
1677.59	0.00191261
1678.09	0.00183148
1678.59	0.00173918
1679.09	0.00163628
1679.59	0.0015234
1680.09	0.00140125
1680.59	0.00127058
1681.09	0.00113219
1681.59	0.000986946
1682.09	0.000835731
1682.59	0.000679479
1683.09	0.000519148
1683.59	0.000355722
1684.09	0.000190206
1684.59	2.36125e-05
1685.09	-0.000143036
1685.59	-0.000308719
1686.09	-0.000472423
1686.59	-0.000633146
1687.09	-0.000789905
1687.59	-0.000941743
1688.09	-0.00108773
1688.59	-0.00122698
1689.09	-0.00135865
1689.59	-0.00148192
1690.09	-0.00159605
1690.59	-0.00170035
1691.09	-0.00179418
1691.59	-0.00187698
1692.09	-0.00194824
1692.59	-0.00200754
1693.09	-0.00205452
1693.59	-0.00208889
1694.09	-0.00211046
1694.59	-0.00211909
1695.09	-0.00211476
1695.59	-0.00209748
1696.09	-0.00206737
1696.59	-0.00202463
1697.09	-0.00196952
1697.59	-0.00190239
1698.09	-0.00182366
1698.59	-0.00173381
1699.09	-0.0016334
1699.59	-0.00152306
1700.08	-0.00140346
1700.58	-0.00127534
1701.08	-0.0011395
1701.58	-0.000996759
1702.08	-0.000848008
1702.58	-0.000694158
1703.08	-0.000536155
1703.58	-0.000374968
1704.08	-0.000211585
1704.58	-4.701e-05
1705.08	0.00011775
1705.58	0.000281685
1706.08	0.000443792
1706.58	0.00060308
1707.08	0.000758574
1707.58	0.000909325
1708.08	0.00105441
1708.58	0.00119295
1709.08	0.00132409
1709.58	0.00144704
1710.08	0.00156106
1710.58	0.00166543
1711.08	0.00175954
1711.58	0.00184282
1712.08	0.00191475
1712.58	0.00197491
1713.08	0.00202293
1713.58	0.00205852
1714.08	0.00208149
1714.58	0.00209169
1715.08	0.00208906
1715.58	0.00207364
1716.08	0.00204552
1716.58	0.00200488
1717.08	0.00195198
1717.58	0.00188716
1718.08	0.00181081
1718.58	0.0017234
1719.08	0.00162549
1719.58	0.00151768
1720.08	0.00140062
1720.58	0.00127506
1721.08	0.00114175
1721.58	0.00100153
1722.08	0.000855242
1722.58	0.000703801
1723.08	0.000548134
1723.58	0.000389197
1724.08	0.000227964
1724.58	6.54247e-05
1725.08	-9.74245e-05
1725.58	-0.000259586
1726.08	-0.000420067
1726.58	-0.000577886
1727.08	-0.000732077
1727.58	-0.000881698
1728.08	-0.00102583
1728.58	-0.00116361
1729.08	-0.00129418
1729.58	-0.00141675
1730.08	-0.00153057
1730.58	-0.00163496
1731.08	-0.00172928
1731.58	-0.00181295
1732.08	-0.00188547
1732.58	-0.0019464
1733.08	-0.00199538
1733.58	-0.00203211
1734.08	-0.00205637
1734.58	-0.00206803
1735.08	-0.00206701
1735.58	-0.00205334
1736.08	-0.0020271
1736.58	-0.00198846
1737.08	-0.00193766
1737.58	-0.00187502
1738.08	-0.00180094
1738.58	-0.00171586
1739.08	-0.00162033
1739.58	-0.00151493
1740.08	-0.00140031
1740.58	-0.00127717
1741.07	-0.00114629
1741.57	-0.00100845
1742.07	-0.000864519
1742.57	-0.000715372
1743.07	-0.000561927
1743.57	-0.000405127
1744.07	-0.000245932
1744.57	-8.53196e-05
1745.07	7.57262e-05
1745.57	0.000236219
1746.07	0.000395176
1746.57	0.000551625
1747.07	0.00070461
1747.57	0.000853196
1748.07	0.000996474
1748.57	0.00113357
1749.07	0.00126365
1749.57	0.00138592
1750.07	0.00149964
1750.57	0.00160412
1751.07	0.00169871
1751.57	0.00178285
1752.07	0.00185603
1752.57	0.0019178
1753.07	0.0019678
1753.57	0.00200572
1754.07	0.00203135
1754.57	0.00204452
1755.07	0.00204517
1755.57	0.0020333
1756.07	0.00200899
1756.57	0.0019724
1757.07	0.00192375
1757.57	0.00186335
1758.07	0.00179159
1758.57	0.0017089
1759.07	0.00161579
1759.57	0.00151285
1760.07	0.00140071
1760.57	0.00128007
1761.07	0.00115166
1761.57	0.00101627
1762.07	0.000874751
1762.57	0.000727959
1763.07	0.0005768
1763.57	0.000422203
1764.07	0.000265115
1764.57	0.000106502
1765.07	-5.26643e-05
1765.57	-0.000211409
1766.07	-0.00036876
1766.57	-0.000523755
1767.07	-0.000675444
1767.57	-0.000822901
1768.07	-0.000965224
1768.57	-0.00110155
1769.07	-0.00123103
1769.57	-0.0013529
1770.07	-0.0014664
1770.57	-0.00157084
1771.07	-0.00166559
1771.57	-0.00175008
1772.07	-0.00182379
1772.57	-0.00188628
1773.07	-0.00193717
1773.57	-0.00197615
1774.07	-0.00200299
1774.57	-0.00201755
1775.07	-0.00201972
1775.57	-0.00200951
1776.07	-0.00198698
1776.57	-0.00195229
1777.07	-0.00190565
1777.57	-0.00184734
1778.07	-0.00177775
1778.57	-0.00169729
1779.07	-0.00160646
1779.57	-0.00150584
1780.07	-0.00139603
1780.57	-0.00127773
1781.07	-0.00115164
1781.57	-0.00101857
1782.06	-0.000879309
1782.56	-0.00073473
1783.06	-0.000585718
1783.56	-0.000433186
1784.06	-0.000278072
1784.56	-0.000121327
1785.06	3.60893e-05
1785.56	0.000193212
1786.06	0.000349079
1786.56	0.000502736
1787.06	0.000653245
1787.56	0.000799684
1788.06	0.00094116
1788.56	0.00107681
1789.06	0.0012058
1789.56	0.00132736
1790.06	0.00144073
1790.56	0.00154523
1791.06	0.00164023
1791.56	0.00172514
1792.06	0.00179946
1792.56	0.00186273
1793.06	0.00191458
1793.56	0.00195469
1794.06	0.00198282
1794.56	0.0019988
1795.06	0.00200256
1795.56	0.00199406
1796.06	0.00197338
1796.56	0.00194063
1797.06	0.00189604
1797.56	0.00183988
1798.06	0.00177249
1798.56	0.00169431
1799.06	0.00160581
1799.56	0.00150754
1800.06	0.00140011
1800.56	0.00128418
1801.06	0.00116047
1801.56	0.00102973
1802.06	0.000892785
1802.56	0.000750461
1803.06	0.000603638
1803.56	0.000453217
1804.06	0.000300121
1804.56	0.000145289
1805.06	-1.03287e-05
1805.56	-0.000165779
1806.06	-0.000320111
1806.56	-0.000472379
1807.06	-0.000621651
1807.56	-0.000767016
1808.06	-0.000907584
1808.56	-0.0010425
1809.06	-0.00117094
1809.56	-0.00129211
1810.06	-0.00140529
1810.56	-0.00150978
1811.06	-0.00160495
1811.56	-0.00169022
1812.06	-0.00176507
1812.56	-0.00182905
1813.06	-0.00188177
1813.56	-0.00192292
1814.06	-0.00195226
1814.56	-0.0019696
1815.06	-0.00197485
1815.56	-0.00196798
1816.06	-0.00194905
1816.56	-0.00191817
1817.06	-0.00187554
1817.56	-0.00182143
1818.06	-0.00175617
1818.56	-0.00168018
1819.06	-0.00159392
1819.56	-0.00149792
1820.06	-0.00139278
1820.56	-0.00127916
1821.06	-0.00115774
1821.56	-0.00102927
1822.06	-0.000894557
1822.56	-0.000754417
1823.05	-0.000609714
1823.55	-0.000461336
1824.05	-0.000310195
1824.55	-0.000157217
1825.05	-3.34019e-06
1825.55	0.000150492
1826.05	0.000303339
1826.55	0.000454263
1827.05	0.000602343
1827.55	0.000746672
1828.05	0.000886369
1828.55	0.00102058
1829.05	0.00114849
1829.55	0.00126931
1830.05	0.00138232
1830.55	0.00148681
1831.05	0.00158216
1831.55	0.00166779
1832.05	0.00174318
1832.55	0.00180787
1833.05	0.00186148
1833.55	0.00190367
1834.05	0.0019342
1834.55	0.00195289
1835.05	0.00195962
1835.55	0.00195437
1836.05	0.00193718
1836.55	0.00190814
1837.05	0.00186746
1837.55	0.00181538
1838.05	0.00175223
1838.55	0.0016784
1839.05	0.00159435
1839.55	0.0015006
1840.05	0.00139773
1840.55	0.00128638
1841.05	0.00116722
1841.55	0.001041
1842.05	0.000908496
1842.55	0.000770514
1843.05	0.000627905
1843.55	0.000481547
1844.05	0.000332336
1844.55	0.000181189
1845.05	2.90316e-05
1845.55	-0.000123203
1846.05	-0.000274584
1846.55	-0.000424184
1847.05	-0.000571087
1847.55	-0.000714397
1848.05	-0.000853237
1848.55	-0.000986759
1849.05	-0.00111415
1849.55	-0.00123463
1850.05	-0.00134747
1850.55	-0.00145198
1851.05	-0.00154752
1851.55	-0.00163352
1852.05	-0.00170946
1852.55	-0.00177486
1853.05	-0.00182935
1853.55	-0.00187259
1854.05	-0.00190432
1854.55	-0.00192436
1855.05	-0.00193258
1855.55	-0.00192896
1856.05	-0.0019135
1856.55	-0.00188633
1857.05	-0.0018476
1857.55	-0.00179756
1858.05	-0.00173653
1858.55	-0.00166488
1859.05	-0.00158306
1859.55	-0.00149158
1860.05	-0.001391
1860.55	-0.00128194
1861.05	-0.00116508
1861.55	-0.00104113
1862.05	-0.000910867
1862.55	-0.000775081
1863.05	-0.000634609
1863.55	-0.000490316
1864.04	-0.000343087
1864.54	-0.000193826
1865.04	-4.34472e-05
1865.54	0.000107127
1866.04	0.000256973
1866.54	0.000405175
1867.04	0.000550826
1867.54	0.000693033
1868.04	0.000830929
1868.54	0.000963671
1869.04	0.00109045
1869.54	0.00121049
1870.04	0.00132306
1870.54	0.00142747
1871.04	0.0015231
1871.54	0.00160935
1872.04	0.00168571
1872.54	0.00175171
1873.04	0.00180695
1873.54	0.0018511
1874.04	0.0018839
1874.54	0.00190516
1875.04	0.00191474
1875.54	0.00191259
1876.04	0.00189874
1876.54	0.00187327
1877.04	0.00183635
1877.54	0.00178821
1878.04	0.00172915
1878.54	0.00165953
1879.04	0.0015798
1879.54	0.00149044
1880.04	0.001392
1880.54	0.00128509
1881.04	0.00117038
1881.54	0.00104856
1882.04	0.000920394
1882.54	0.000786662
1883.04	0.000648188
1883.54	0.000505823
1884.04	0.000360439
1884.54	0.00021293
1885.04	6.41994e-05
1885.54	-8.48416e-05
1886.04	-0.00023328
1886.54	-0.000380207
1887.04	-0.000524724
1887.54	-0.000665947
1888.04	-0.000803013
1888.54	-0.000935085
1889.04	-0.00106136
1889.54	-0.00118106
1890.04	-0.00129346
1890.54	-0.00139788
1891.04	-0.00149368
1891.54	-0.00158028
1892.04	-0.00165716
1892.54	-0.00172384
1893.04	-0.00177993
1893.54	-0.00182508
1894.04	-0.00185903
1894.54	-0.00188158
1895.04	-0.0018926
1895.54	-0.00189201
1896.04	-0.00187984
1896.54	-0.00185616
1897.04	-0.00182113
1897.54	-0.00177497
1898.04	-0.00171795
1898.54	-0.00165045
1899.04	-0.00157288
1899.54	-0.00148572
1900.04	-0.00138951
1900.54	-0.00128484
1901.04	-0.00117236
1901.54	-0.00105276
1902.04	-0.000926784
1902.54	-0.000795202
1903.04	-0.000658822
1903.54	-0.000518485
1904.04	-0.000375052
1904.54	-0.000229402
1905.03	-8.24306e-05
1905.53	6.49621e-05
1906.03	0.000211873
1906.53	0.000357401
1907.03	0.000500657
1907.53	0.000640764
1908.03	0.000776864
1908.53	0.000908126
1909.03	0.00103375
1909.53	0.00115296
1910.03	0.00126505
1910.53	0.00136931
1911.03	0.00146513
1911.53	0.00155191
1912.03	0.00162913
1912.53	0.00169632
1913.03	0.00175307
1913.53	0.00179905
1914.03	0.00183397
1914.53	0.00185763
1915.03	0.00186989
1915.53	0.00187067
1916.03	0.00185999
1916.53	0.0018379
1917.03	0.00180456
1917.53	0.00176017
1918.03	0.001705
1918.53	0.00163941
1919.03	0.0015638
1919.53	0.00147864
1920.03	0.00138445
1920.53	0.00128181
1921.03	0.00117136
1921.53	0.00105378
1922.03	0.000929793
1922.53	0.000800159
1923.03	0.000665675
1923.53	0.000527169
1924.03	0.00038549
1924.53	0.000241508
1925.03	9.61048e-05
1925.53	-4.98278e-05
1926.03	-0.000195396
1926.53	-0.000339708
1927.03	-0.000481882
1927.53	-0.000621048
1928.03	-0.000756354
1928.53	-0.000886976
1929.03	-0.00101211
1929.53	-0.00113101
1930.03	-0.00124293
1930.53	-0.00134719
1931.03	-0.00144318
1931.53	-0.00153029
1932.03	-0.001608
1932.53	-0.00167583
1933.03	-0.00173339
1933.53	-0.00178032
1934.03	-0.00181635
1934.53	-0.00184124
1935.03	-0.00185487
1935.53	-0.00185714
1936.03	-0.00184806
1936.53	-0.00182769
1937.03	-0.00179615
1937.53	-0.00175364
1938.03	-0.00170044
1938.53	-0.00163687
1939.03	-0.00156333
1939.53	-0.00148027
1940.03	-0.0013882
1940.53	-0.0012877
1941.03	-0.00117939
1941.53	-0.00106393
1942.03	-0.000942036
1942.53	-0.000814455
1943.03	-0.000681972
1943.53	-0.000545401
1944.03	-0.000405582
1944.53	-0.000263373
1945.03	-0.000119646
1945.53	2.47182e-05
1946.02	0.000168834
1946.52	0.00031182
1947.02	0.000452799
1947.52	0.00059091
1948.02	0.000725308
1948.52	0.000855172
1949.02	0.000979707
1949.52	0.00109815
1950.02	0.00120979
1950.52	0.00131394
1951.02	0.00140996
1951.52	0.00149727
1952.02	0.00157534
1952.52	0.0016437
1953.02	0.00170193
1953.52	0.00174969
1954.02	0.00178667
1954.52	0.00181267
1955.02	0.00182753
1955.52	0.00183116
1956.02	0.00182355
1956.52	0.00180475
1957.02	0.00177488
1957.52	0.00173412
1958.02	0.00168274
1958.52	0.00162106
1959.02	0.00154944
1959.52	0.00146835
1960.02	0.00137828
1960.52	0.00127979
1961.02	0.00117348
1961.52	0.00106001
1962.02	0.000940082
1962.52	0.000814427
1963.02	0.000683821
1963.52	0.000549065
1964.02	0.000410987
1964.52	0.000270435
1965.02	0.00012827
1965.52	-1.46357e-05
1966.02	-0.000157407
1966.52	-0.00029917
1967.02	-0.000439056
1967.52	-0.000576211
1968.02	-0.000709794
1968.52	-0.00083899
1969.02	-0.00096301
1969.52	-0.0010811
1970.02	-0.00119253
1970.52	-0.00129663
1971.02	-0.00139277
1971.52	-0.00148035
1972.02	-0.00155885
1972.52	-0.00162779
1973.02	-0.00168676
1973.52	-0.00173539
1974.02	-0.0017734
1974.52	-0.00180055
1975.02	-0.00181669
1975.52	-0.00182172
1976.02	-0.00181562
1976.52	-0.00179844
1977.02	-0.00177027
1977.52	-0.0017313
1978.02	-0.00168178
1978.52	-0.00162201
1979.02	-0.00155236
1979.52	-0.00147327
1980.02	-0.00138522
1980.52	-0.00128876
1981.02	-0.00118448
1981.52	-0.00107303
1982.02	-0.000955087
1982.52	-0.000831384
1983.02	-0.000702678
1983.52	-0.000569761
1984.02	-0.000433449
1984.52	-0.000294578
1985.02	-0.000154
1985.52	-1.25765e-05
1986.02	0.000128826
1986.52	0.000269341
1987.01	0.000408108
1987.51	0.00054428
1988.01	0.000677022
1988.51	0.000805524
1989.01	0.000929002
1989.51	0.0010467
1990.01	0.0011579
1990.51	0.00126193
1991.01	0.00135815
1991.51	0.00144598
1992.01	0.00152488
1992.51	0.00159438
1993.01	0.00165404
1993.51	0.00170353
1994.01	0.00174253
1994.51	0.00177081
1995.01	0.0017882
1995.51	0.00179461
1996.01	0.00179
1996.51	0.0017744
1997.01	0.00174792
1997.51	0.00171072
1998.01	0.00166304
1998.51	0.00160517
1999.01	0.00153747
1999.51	0.00146037
2000.01	0.00137433
2000.51	0.0012799
2001.01	0.00117765
2001.51	0.00106822
2002.01	0.000952273
2002.51	0.000830531
2003.01	0.000703739
2003.51	0.000572678
2004.01	0.000438152
2004.51	0.000300988
2005.01	0.000162026
2005.51	2.212e-05
2006.01	-0.000117874
2006.51	-0.000257097
2007.01	-0.000394698
2007.51	-0.000529833
2008.01	-0.000661676
2008.51	-0.000789421
2009.01	-0.000912288
2009.51	-0.00102953
2010.01	-0.00114042
2010.51	-0.00124429
2011.01	-0.00134051
2011.51	-0.00142849
2012.01	-0.00150769
2012.51	-0.00157764
2013.01	-0.00163791
2013.51	-0.00168813
2014.01	-0.00172801
2014.51	-0.0017573
2015.01	-0.00177583
2015.51	-0.00178348
2016.01	-0.00178023
2016.51	-0.00176609
2017.01	-0.00174115
2017.51	-0.00170558
2018.01	-0.00165959
2018.51	-0.00160348
2019.01	-0.00153758
2019.51	-0.00146232
2020.01	-0.00137815
2020.51	-0.00128559
2021.01	-0.00118521
2021.51	-0.00107764
2022.01	-0.000963526
2022.51	-0.000843582
2023.01	-0.000718542
2023.51	-0.000589172
2024.01	-0.000456267
2024.51	-0.000320643
2025.01	-0.000183131
2025.51	-4.45731e-05
2026.01	9.41809e-05
2026.51	0.000232282
2027.01	0.000368885
2027.51	0.000503154
2028	0.000634268
2028.5	0.000761428
2029	0.000883855
2029.5	0.0010008
2030	0.00111156
2030.5	0.00121545
2031	0.00131184
2031.5	0.00140014
2032	0.00147983
2032.5	0.0015504
2033	0.00161145
2033.5	0.00166259
2034	0.00170352
2034.5	0.001734
2035	0.00175384
2035.5	0.00176294
2036	0.00176123
2036.5	0.00174873
2037	0.00172553
2037.5	0.00169178
2038	0.00164769
2038.5	0.00159353
2039	0.00152964
2039.5	0.00145641
2040	0.00137431
2040.5	0.00128383
2041	0.00118555
2041.5	0.00108005
2042	0.000968005
2042.5	0.000850089
2043	0.000727033
2043.5	0.000599593
2044	0.000468554
2044.5	0.000334719
2045	0.00019891
2045.5	6.19611e-05
2046	-7.52878e-05
2046.5	-0.000211995
2047	-0.000347324
2047.5	-0.000480445
2048	-0.000610543
