1	-0.0169595
1.49988	-0.0185987
1.99976	-0.020878
2.49963	-0.0237819
2.99951	-0.027291
3.49939	-0.0313814
3.99927	-0.0360256
4.49915	-0.0411922
4.99902	-0.0468461
5.4989	-0.052949
5.99878	-0.0594594
6.49866	-0.0663332
6.99853	-0.0735233
7.49841	-0.0809807
7.99829	-0.0886543
8.49817	-0.0964914
8.99805	-0.104438
9.49792	-0.112439
9.9978	-0.120439
10.4977	-0.128382
10.9976	-0.136212
11.4974	-0.143874
11.9973	-0.151314
12.4972	-0.158478
12.9971	-0.165314
13.4969	-0.171773
13.9968	-0.177806
14.4967	-0.183368
14.9966	-0.188415
15.4965	-0.19291
15.9963	-0.196813
16.4962	-0.200094
16.9961	-0.202722
17.496	-0.204671
17.9958	-0.205921
18.4957	-0.206454
18.9956	-0.206257
19.4955	-0.205321
19.9954	-0.203641
20.4952	-0.201219
20.9951	-0.198058
21.495	-0.194169
21.9949	-0.189563
22.4947	-0.184259
22.9946	-0.178278
23.4945	-0.171647
23.9944	-0.164395
24.4943	-0.156555
24.9941	-0.148165
25.494	-0.139265
25.9939	-0.129898
26.4938	-0.120109
26.9937	-0.109948
27.4935	-0.0994647
27.9934	-0.0887118
28.4933	-0.0777431
28.9932	-0.0666141
29.493	-0.0553806
29.9929	-0.0440994
30.4928	-0.0328273
30.9927	-0.021621
31.4926	-0.0105365
31.9924	0.000370598
32.4923	0.0110463
32.9922	0.0214377
33.4921	0.0314941
33.9919	0.0411664
34.4918	0.0504084
34.9917	0.0591762
35.4916	0.0674289
35.9915	0.0751288
36.4913	0.0822414
36.9912	0.0887359
37.4911	0.0945851
37.991	0.0997658
38.4908	0.104259
38.9907	0.108048
39.4906	0.111124
39.9905	0.113478
40.4904	0.115109
40.9902	0.116018
41.4901	0.11621
41.99	0.115695
42.4899	0.114488
42.9897	0.112605
43.4896	0.110069
43.9895	0.106904
44.4894	0.103139
44.9893	0.0988064
45.4891	0.0939403
45.989	0.0885787
46.4889	0.0827618
46.9888	0.0765321
47.4886	0.0699339
47.9885	0.0630136
48.4884	0.0558188
48.9883	0.0483981
49.4882	0.0408011
49.988	0.0330779
50.4879	0.0252786
50.9878	0.0174532
51.4877	0.00965146
51.9875	0.00192215
52.4874	-0.00568688
52.9873	-0.0131292
53.4872	-0.0203598
53.9871	-0.0273359
54.4869	-0.0340165
54.9868	-0.0403631
55.4867	-0.0463398
55.9866	-0.0519136
56.4864	-0.0570542
56.9863	-0.0617347
57.4862	-0.0659312
57.9861	-0.0696234
58.486	-0.0727945
58.9858	-0.0754311
59.4857	-0.0775234
59.9856	-0.0790655
60.4855	-0.0800548
60.9853	-0.0804926
61.4852	-0.0803835
61.9851	-0.0797357
62.485	-0.0785609
62.9849	-0.076874
63.4847	-0.0746932
63.9846	-0.0720395
64.4845	-0.068937
64.9844	-0.0654122
65.4842	-0.0614943
65.9841	-0.0572146
66.484	-0.0526064
66.9839	-0.047705
67.4838	-0.042547
67.9836	-0.0371703
68.4835	-0.0316139
68.9834	-0.0259175
69.4833	-0.0201213
69.9832	-0.0142657
70.483	-0.00839083
70.9829	-0.00253684
71.4828	0.00325696
71.9827	0.00895202
72.4825	0.0145109
72.9824	0.0198976
73.4823	0.0250775
73.9822	0.0300178
74.4821	0.0346879
74.9819	0.0390591
75.4818	0.0431051
75.9817	0.0468022
76.4816	0.0501292
76.9814	0.0530676
77.4813	0.055602
77.9812	0.0577197
78.4811	0.0594108
78.981	0.0606689
79.4808	0.0614901
79.9807	0.0618738
80.4806	0.0618223
80.9805	0.061341
81.4803	0.060438
81.9802	0.0591242
82.4801	0.0574132
82.98	0.0553214
83.4799	0.0528673
83.9797	0.050072
84.4796	0.0469585
84.9795	0.0435519
85.4794	0.0398789
85.9792	0.0359679
86.4791	0.0318486
86.979	0.0275519
87.4789	0.0231094
87.9788	0.0185537
88.4786	0.0139175
88.9785	0.00923418
89.4784	0.00453667
89.9783	-0.000142079
90.4781	-0.00476963
90.978	-0.00931421
91.4779	-0.0137449
91.9778	-0.018032
92.4777	-0.022147
92.9775	-0.0260627
93.4774	-0.0297539
93.9773	-0.0331968
94.4772	-0.0363699
94.977	-0.0392537
95.4769	-0.0418307
95.9768	-0.0440858
96.4767	-0.0460065
96.9766	-0.0475824
97.4764	-0.0488058
97.9763	-0.0496716
98.4762	-0.0501771
98.9761	-0.0503221
99.4759	-0.0501091
99.9758	-0.049543
100.476	-0.0486311
100.976	-0.0473829
101.475	-0.0458106
101.975	-0.0439281
102.475	-0.0417517
102.975	-0.0392993
103.475	-0.0365908
103.975	-0.0336477
104.475	-0.030493
104.975	-0.0271507
105.474	-0.0236462
105.974	-0.0200057
106.474	-0.0162562
106.974	-0.0124253
107.474	-0.00854059
107.974	-0.00463021
108.474	-0.000722026
108.974	0.0031563
109.474	0.00697755
109.973	0.0107152
110.473	0.0143433
110.973	0.0178373
111.473	0.0211734
111.973	0.0243293
112.473	0.0272843
112.973	0.0300189
113.473	0.0325157
113.972	0.0347588
114.472	0.0367346
114.972	0.0384312
115.472	0.0398388
115.972	0.0409498
116.472	0.0417589
116.972	0.0422626
117.472	0.0424599
117.971	0.042352
118.471	0.041942
118.971	0.0412353
119.471	0.0402394
119.971	0.0389637
120.471	0.0374194
120.971	0.0356198
121.471	0.0335797
121.97	0.0313155
122.47	0.0288452
122.97	0.026188
123.47	0.0233644
123.97	0.0203957
124.47	0.0173043
124.97	0.0141132
125.47	0.010846
125.969	0.00752663
126.469	0.00417915
126.969	0.000827721
127.469	-0.00250368
127.969	-0.00579137
128.469	-0.00901219
128.969	-0.0121436
129.469	-0.0151639
129.968	-0.0180522
130.468	-0.0207889
130.968	-0.0233556
131.468	-0.0257351
131.968	-0.0279117
132.468	-0.0298714
132.968	-0.0316016
133.468	-0.0330918
133.968	-0.0343328
134.467	-0.0353177
134.967	-0.0360413
135.467	-0.0365001
135.967	-0.0366929
136.467	-0.03662
136.967	-0.0362841
137.467	-0.0356892
137.967	-0.0348415
138.466	-0.0337489
138.966	-0.0324209
139.466	-0.0308686
139.966	-0.0291049
140.466	-0.0271438
140.966	-0.0250007
141.466	-0.0226924
141.966	-0.0202365
142.465	-0.0176516
142.965	-0.0149573
143.465	-0.0121735
143.965	-0.00932106
144.465	-0.00642078
144.965	-0.00349387
145.465	-0.000561551
145.965	0.00235506
146.464	0.00523508
146.964	0.00805805
147.464	0.010804
147.964	0.0134538
148.464	0.0159889
148.964	0.0183919
149.464	0.0206462
149.964	0.0227368
150.463	0.0246495
150.963	0.0263718
151.463	0.0278924
151.963	0.0292018
152.463	0.0302918
152.963	0.0311561
153.463	0.0317898
153.963	0.0321898
154.463	0.0323547
154.962	0.0322848
155.462	0.0319821
155.962	0.0314503
156.462	0.0306945
156.962	0.0297218
157.462	0.0285403
157.962	0.0271599
158.462	0.0255919
158.961	0.0238486
159.461	0.0219438
159.961	0.0198921
160.461	0.0177093
160.961	0.0154118
161.461	0.0130171
161.961	0.0105429
162.461	0.00800752
162.96	0.00542972
163.46	0.00282833
163.96	0.000222272
164.46	-0.00236962
164.96	-0.0049287
165.46	-0.00743671
165.96	-0.00987581
166.46	-0.0122288
166.959	-0.0144792
167.459	-0.0166114
167.959	-0.0186106
168.459	-0.0204631
168.959	-0.0221565
169.459	-0.0236795
169.959	-0.0250219
170.459	-0.0261752
170.958	-0.027132
171.458	-0.0278867
171.958	-0.0284348
172.458	-0.0287737
172.958	-0.028902
173.458	-0.0288201
173.958	-0.0285296
174.458	-0.0280339
174.958	-0.0273378
175.457	-0.0264473
175.957	-0.02537
176.457	-0.0241147
176.957	-0.0226916
177.457	-0.0211118
177.957	-0.0193876
178.457	-0.0175323
178.957	-0.0155601
179.456	-0.0134858
179.956	-0.0113251
180.456	-0.00909408
180.956	-0.00680921
181.456	-0.00448736
181.956	-0.00214554
182.456	0.00019918
182.956	0.00252982
183.455	0.00482956
183.955	0.00708193
184.455	0.00927085
184.955	0.0113808
185.455	0.013397
185.955	0.0153052
186.455	0.0170922
186.955	0.0187458
187.454	0.0202546
187.954	0.0216084
188.454	0.0227983
188.954	0.0238165
189.454	0.0246565
189.954	0.0253131
190.454	0.0257825
190.954	0.0260624
191.453	0.0261516
191.953	0.0260505
192.453	0.0257607
192.953	0.0252854
193.453	0.024629
193.953	0.023797
194.453	0.0227965
194.953	0.0216356
195.453	0.0203234
195.952	0.0188703
196.452	0.0172875
196.952	0.0155872
197.452	0.0137821
197.952	0.0118861
198.452	0.00991327
198.952	0.00787829
199.452	0.00579627
199.951	0.00368252
200.451	0.00155256
200.951	-0.000578092
201.451	-0.00269396
201.951	-0.00477977
202.451	-0.00682052
202.951	-0.00880163
203.451	-0.010709
203.95	-0.0125292
204.45	-0.0142493
204.95	-0.0158574
205.45	-0.0173424
205.95	-0.018694
206.45	-0.0199031
206.95	-0.0209616
207.45	-0.0218625
207.949	-0.0226
208.449	-0.0231695
208.949	-0.0235678
209.449	-0.0237927
209.949	-0.0238433
210.449	-0.0237202
210.949	-0.0234251
211.449	-0.0229609
211.948	-0.0223317
212.448	-0.021543
212.948	-0.0206011
213.448	-0.0195137
213.948	-0.0182893
214.448	-0.0169373
214.948	-0.0154684
215.448	-0.0138936
215.947	-0.0122248
216.447	-0.0104747
216.947	-0.00865638
217.447	-0.00678327
217.947	-0.00486927
218.447	-0.00292848
218.947	-0.000975138
219.447	0.000976512
219.947	0.00291229
220.446	0.00481819
220.946	0.00668049
221.446	0.00848586
221.946	0.0102214
222.446	0.0118748
222.946	0.0134345
223.446	0.0148894
223.946	0.0162296
224.445	0.0174457
224.945	0.0185294
225.445	0.0194734
225.945	0.0202716
226.445	0.0209187
226.945	0.0214106
227.445	0.0217446
227.945	0.0219187
228.444	0.0219325
228.944	0.0217866
229.444	0.0214827
229.944	0.0210236
230.444	0.0204135
230.944	0.0196573
231.444	0.0187613
231.944	0.0177325
232.443	0.0165789
232.943	0.0153096
233.443	0.0139342
233.943	0.0124632
234.443	0.0109076
234.943	0.00927926
235.443	0.00759023
235.943	0.00585306
236.442	0.00408061
236.942	0.00228592
237.442	0.000482152
237.942	-0.00131753
238.442	-0.00310006
238.942	-0.00485251
239.442	-0.00656226
239.942	-0.00821704
240.442	-0.00980504
240.941	-0.011315
241.441	-0.0127361
241.941	-0.0140586
242.441	-0.0152731
242.941	-0.0163712
243.441	-0.0173455
243.941	-0.0181893
244.441	-0.0188971
244.94	-0.0194641
245.44	-0.0198869
245.94	-0.020163
246.44	-0.0202909
246.94	-0.0202703
247.44	-0.020102
247.94	-0.0197877
248.44	-0.0193304
248.939	-0.0187339
249.439	-0.0180032
249.939	-0.0171441
250.439	-0.0161633
250.939	-0.0150685
251.439	-0.0138681
251.939	-0.0125713
252.439	-0.0111879
252.938	-0.0097283
253.438	-0.00820345
253.938	-0.0066247
254.438	-0.00500378
254.938	-0.00335266
255.438	-0.00168348
255.938	-8.47254e-06
256.438	0.00166013
256.937	0.0033102
257.437	0.00492979
257.937	0.0065072
258.437	0.00803111
258.937	0.00949061
259.437	0.0108753
259.937	0.0121754
260.437	0.0133818
260.937	0.014486
261.436	0.0154803
261.936	0.016358
262.436	0.017113
262.936	0.0177404
263.436	0.018236
263.936	0.0185967
264.436	0.0188204
264.936	0.018906
265.435	0.0188533
265.935	0.0186634
266.435	0.018338
266.935	0.01788
267.435	0.0172933
267.935	0.0165827
268.435	0.0157537
268.935	0.0148129
269.434	0.0137675
269.934	0.0126255
270.434	0.0113956
270.934	0.0100871
271.434	0.00870984
271.934	0.00727409
272.434	0.00579054
272.934	0.00427018
273.433	0.00272423
273.933	0.00116405
274.433	-0.000398923
274.933	-0.00195329
275.433	-0.00348774
275.933	-0.00499116
276.433	-0.00645269
276.933	-0.00786183
277.432	-0.00920849
277.932	-0.0104831
278.432	-0.0116765
278.932	-0.0127805
279.432	-0.0137871
279.932	-0.0146895
280.432	-0.0154814
280.932	-0.0161575
281.432	-0.0167132
281.931	-0.0171448
282.431	-0.0174498
282.931	-0.0176262
283.431	-0.0176733
283.931	-0.0175912
284.431	-0.0173809
284.931	-0.0170444
285.431	-0.0165846
285.93	-0.0160052
286.43	-0.015311
286.93	-0.0145074
287.43	-0.0136006
287.93	-0.0125977
288.43	-0.0115061
288.93	-0.0103343
289.43	-0.00909103
289.929	-0.00778561
290.429	-0.0064278
290.929	-0.00502768
291.429	-0.0035956
291.929	-0.00214214
292.429	-0.000677957
292.929	0.000786215
293.429	0.00223969
293.928	0.00367191
294.428	0.00507248
294.928	0.00643129
295.428	0.00773856
295.928	0.00898493
296.428	0.0101615
296.928	0.0112599
297.428	0.0122725
297.927	0.013192
298.427	0.0140121
298.927	0.0147271
299.427	0.0153322
299.927	0.0158233
300.427	0.0161972
300.927	0.0164516
301.427	0.016585
301.926	0.0165968
302.426	0.0164873
302.926	0.0162578
303.426	0.0159103
303.926	0.0154477
304.426	0.0148738
304.926	0.0141931
305.426	0.013411
305.926	0.0125334
306.425	0.0115672
306.925	0.0105196
307.425	0.00939854
307.925	0.00821248
308.425	0.00697026
308.925	0.00568115
309.425	0.00435469
309.925	0.00300071
310.424	0.00162916
310.924	0.00025012
311.424	-0.00112632
311.924	-0.00249011
312.424	-0.00383133
312.924	-0.00514028
313.424	-0.00640748
313.924	-0.00762382
314.423	-0.00878058
314.923	-0.0098695
315.423	-0.0108828
315.923	-0.0118134
316.423	-0.0126548
316.923	-0.013401
317.423	-0.0140469
317.923	-0.0145881
318.422	-0.015021
318.922	-0.0153427
319.422	-0.0155513
319.922	-0.0156456
320.422	-0.0156252
320.922	-0.0154907
321.422	-0.0152434
321.922	-0.0148855
322.421	-0.0144198
322.921	-0.0138502
323.421	-0.0131811
323.921	-0.0124177
324.421	-0.0115659
324.921	-0.0106321
325.421	-0.00962352
325.921	-0.00854765
326.421	-0.00741259
326.92	-0.0062268
327.42	-0.0049991
327.92	-0.00373859
328.42	-0.00245458
328.92	-0.00115651
329.42	0.000146085
329.92	0.00144368
330.42	0.00272681
330.919	0.00398614
331.419	0.00521254
331.919	0.00639715
332.419	0.00753145
332.919	0.0086073
333.419	0.009617
333.919	0.0105534
334.419	0.0114098
334.918	0.0121803
335.418	0.0128594
335.918	0.0134425
336.418	0.0139256
336.918	0.0143055
337.418	0.0145796
337.918	0.0147464
338.418	0.0148048
338.917	0.0147548
339.417	0.0145971
339.917	0.0143331
340.417	0.0139651
340.917	0.0134961
341.417	0.0129298
341.917	0.0122705
342.417	0.0115235
342.916	0.0106943
343.416	0.00978943
343.916	0.00881555
344.416	0.00778003
344.916	0.00669061
345.416	0.00555541
345.916	0.00438286
346.416	0.00318163
346.916	0.00196059
347.415	0.000728706
347.915	-0.000504976
348.415	-0.00173144
348.915	-0.00294174
349.415	-0.00412707
349.915	-0.00527886
350.415	-0.00638876
350.915	-0.0074488
351.414	-0.00845136
351.914	-0.00938928
352.414	-0.0102559
352.914	-0.011045
353.414	-0.0117512
353.914	-0.0123694
354.414	-0.0128955
354.914	-0.0133258
355.413	-0.0136574
355.913	-0.0138882
356.413	-0.0140167
356.913	-0.0140425
357.413	-0.0139654
357.913	-0.0137865
358.413	-0.0135072
358.913	-0.0131299
359.412	-0.0126576
359.912	-0.0120941
360.412	-0.0114437
360.912	-0.0107114
361.412	-0.0099028
361.912	-0.00902399
362.412	-0.00808161
362.912	-0.00708273
363.411	-0.00603479
363.911	-0.00494559
364.411	-0.00382322
364.911	-0.00267596
365.411	-0.00151228
365.911	-0.000340722
366.411	0.000830124
366.911	0.0019917
367.411	0.00313553
367.91	0.00425331
368.41	0.00533694
368.91	0.00637857
369.41	0.00737072
369.91	0.00830625
370.41	0.00917849
370.91	0.00998121
371.41	0.0107087
371.909	0.011356
372.409	0.0119184
372.909	0.0123921
373.409	0.0127738
373.909	0.0130611
374.409	0.013252
374.909	0.0133454
375.409	0.013341
375.908	0.0132389
376.408	0.0130402
376.908	0.0127467
377.408	0.0123606
377.908	0.0118851
378.408	0.0113239
378.908	0.0106812
379.408	0.00996214
379.907	0.00917202
380.407	0.00831685
380.907	0.00740305
381.407	0.00643745
381.907	0.00542725
382.407	0.00437995
382.907	0.00330332
383.407	0.00220529
383.906	0.00109396
384.406	-2.25191e-05
384.906	-0.00113596
385.406	-0.00223823
385.906	-0.0033213
386.406	-0.0043773
386.906	-0.00539856
387.406	-0.00637773
387.905	-0.00730773
388.405	-0.00818189
388.905	-0.00899397
389.405	-0.00973819
389.905	-0.0104093
390.405	-0.0110025
390.905	-0.0115137
391.405	-0.0119394
391.905	-0.0122767
392.404	-0.0125233
392.904	-0.0126777
393.404	-0.0127389
393.904	-0.0127068
394.404	-0.0125818
394.904	-0.0123651
395.404	-0.0120585
395.904	-0.0116644
396.403	-0.011186
396.903	-0.010627
397.403	-0.00999163
397.903	-0.00928477
398.403	-0.00851177
398.903	-0.00767845
399.403	-0.00679105
399.903	-0.0058562
400.402	-0.00488085
400.902	-0.00387224
401.402	-0.00283784
401.902	-0.00178526
402.402	-0.000722271
402.902	0.000343341
403.402	0.00140377
403.902	0.00245127
404.401	0.00347821
404.901	0.00447713
405.401	0.00544078
405.901	0.00636221
406.401	0.00723478
406.901	0.00805222
407.401	0.00880869
407.901	0.0094988
408.4	0.0101177
408.9	0.0106609
409.4	0.0111248
409.9	0.0115061
410.4	0.0118022
410.9	0.0120112
411.4	0.0121317
411.9	0.0121631
412.4	0.0121053
412.899	0.011959
413.399	0.0117255
413.899	0.0114068
414.399	0.0110052
414.899	0.010524
415.399	0.00996696
415.899	0.00933821
416.399	0.00864258
416.898	0.00788532
417.398	0.0070721
417.898	0.00620902
418.398	0.00530251
418.898	0.00435931
419.398	0.0033864
419.898	0.00239097
420.398	0.00138036
420.897	0.000362003
421.397	-0.000656634
421.897	-0.0016681
422.397	-0.002665
422.897	-0.00364008
423.397	-0.00458627
423.897	-0.00549669
424.397	-0.00636478
424.896	-0.00718428
425.396	-0.00794931
425.896	-0.00865439
426.396	-0.00929452
426.896	-0.00986515
427.396	-0.0103623
427.896	-0.0107824
428.396	-0.0111227
428.895	-0.0113808
429.395	-0.0115551
429.895	-0.0116444
430.395	-0.0116483
430.895	-0.0115669
431.395	-0.0114011
431.895	-0.0111523
432.395	-0.0108224
432.895	-0.0104142
433.394	-0.00993063
433.894	-0.00937556
434.394	-0.00875318
434.894	-0.00806819
435.394	-0.00732575
435.894	-0.00653143
436.394	-0.00569116
436.894	-0.00481119
437.393	-0.00389806
437.893	-0.00295852
438.393	-0.00199952
438.893	-0.0010281
439.393	-5.14212e-05
439.893	0.000923368
440.393	0.00188914
440.893	0.00283883
441.392	0.00376554
441.892	0.00466253
442.392	0.00552331
442.892	0.00634166
443.392	0.00711167
443.892	0.00782783
444.392	0.00848501
444.892	0.00907854
445.391	0.00960421
445.891	0.0100583
446.391	0.0104377
446.891	0.0107398
447.391	0.0109625
447.891	0.0111044
448.391	0.0111646
448.891	0.0111429
449.39	0.0110395
449.89	0.0108556
450.39	0.0105924
450.89	0.0102523
451.39	0.00983774
451.89	0.00935203
452.39	0.00879886
452.89	0.00818242
453.389	0.00750737
453.889	0.00677878
454.389	0.00600208
454.889	0.00518309
455.389	0.00432788
455.889	0.0034428
456.389	0.00253438
456.889	0.00160933
457.389	0.000674461
457.888	-0.000263369
458.388	-0.00119729
458.888	-0.00212046
459.388	-0.00302617
459.888	-0.0039078
460.388	-0.00475896
460.888	-0.0055735
461.388	-0.00634551
461.887	-0.00706945
462.387	-0.00774011
462.887	-0.00835271
463.387	-0.00890288
463.887	-0.00938673
464.387	-0.00980086
464.887	-0.0101424
465.387	-0.010409
465.886	-0.0105988
466.386	-0.0107107
466.886	-0.010744
467.386	-0.0106986
467.886	-0.010575
468.386	-0.0103742
468.886	-0.010098
469.386	-0.0097485
469.885	-0.00932841
470.385	-0.00884095
470.885	-0.00828985
471.385	-0.00767926
471.885	-0.0070138
472.385	-0.00629843
472.885	-0.00553852
473.385	-0.00473972
473.884	-0.00390795
474.384	-0.00304937
474.884	-0.00217034
475.384	-0.00127732
475.884	-0.000376895
476.384	0.00052434
476.884	0.00141978
477.384	0.00230288
477.884	0.0031672
478.383	0.00400646
478.883	0.00481455
479.383	0.00558563
479.883	0.00631412
480.383	0.00699479
480.883	0.00762274
481.383	0.00819349
481.883	0.00870298
482.382	0.0091476
482.882	0.00952424
483.382	0.00983026
483.882	0.0100636
484.382	0.0102227
484.882	0.0103065
485.382	0.0103145
485.882	0.0102469
486.381	0.0101044
486.881	0.00988804
487.381	0.00959964
487.881	0.00924145
488.381	0.00881623
488.881	0.00832723
489.381	0.00777816
489.881	0.00717317
490.38	0.0065168
490.88	0.00581396
491.38	0.00506989
491.88	0.00429012
492.38	0.00348043
492.88	0.00264682
493.38	0.00179543
493.88	0.000932547
494.379	6.44971e-05
494.879	-0.000802347
495.379	-0.00166164
495.879	-0.00250711
496.379	-0.00333258
496.879	-0.00413206
497.379	-0.00489974
497.879	-0.00563007
498.379	-0.00631777
498.878	-0.00695788
499.378	-0.00754583
499.878	-0.0080774
500.378	-0.00854882
500.878	-0.00895676
501.378	-0.00929835
501.878	-0.00957122
502.378	-0.00977351
502.877	-0.00990389
503.377	-0.00996153
503.877	-0.00994617
504.377	-0.00985805
504.877	-0.00969798
505.377	-0.00946725
505.877	-0.00916771
506.377	-0.00880167
506.876	-0.00837196
507.376	-0.00788185
507.876	-0.00733504
508.376	-0.00673565
508.876	-0.00608817
509.376	-0.00539743
509.876	-0.0046686
510.376	-0.00390706
510.875	-0.00311847
511.375	-0.00230866
511.875	-0.00148359
512.375	-0.000649345
512.875	0.000187956
513.375	0.00102217
513.875	0.0018472
514.375	0.00265701
514.874	0.0034457
515.374	0.00420755
515.874	0.00493701
516.374	0.00562882
516.874	0.00627797
517.374	0.0068798
517.874	0.00742998
518.374	0.00792459
518.874	0.00836011
519.373	0.00873346
519.873	0.00904204
520.373	0.0092837
520.873	0.00945679
521.373	0.0095602
521.873	0.00959328
522.373	0.00955594
522.873	0.00944857
523.372	0.00927211
523.872	0.00902797
524.372	0.00871807
524.872	0.0083448
525.372	0.00791103
525.872	0.00742003
526.372	0.00687552
526.872	0.00628159
527.371	0.00564268
527.871	0.00496355
528.371	0.00424925
528.871	0.00350509
529.371	0.00273656
529.871	0.00194935
530.371	0.00114925
530.871	0.000342156
531.37	-0.000466016
531.87	-0.00126934
532.37	-0.00206195
532.87	-0.00283805
533.37	-0.00359199
533.87	-0.00431829
534.37	-0.00501167
534.87	-0.00566714
535.369	-0.00627994
535.869	-0.00684568
536.369	-0.0073603
536.869	-0.00782012
537.369	-0.00822187
537.869	-0.00856273
538.369	-0.00884031
538.869	-0.00905268
539.368	-0.00919843
539.868	-0.0092766
540.368	-0.00928674
540.868	-0.00922891
541.368	-0.00910366
541.868	-0.00891202
542.368	-0.00865553
542.868	-0.00833618
543.368	-0.00795642
543.867	-0.00751916
544.367	-0.00702769
544.867	-0.00648572
545.367	-0.00589731
545.867	-0.00526686
546.367	-0.00459906
546.867	-0.00389887
547.367	-0.00317148
547.866	-0.00242227
548.366	-0.00165676
548.866	-0.000880597
549.366	-9.94839e-05
549.866	0.000680849
550.366	0.00145469
550.866	0.00221637
551.366	0.00296035
551.865	0.00368119
552.365	0.00437367
552.865	0.00503276
553.365	0.0056537
553.865	0.00623199
554.365	0.00676349
554.865	0.00724438
555.365	0.00767123
555.864	0.00804101
556.364	0.00835112
556.864	0.00859939
557.364	0.0087841
557.864	0.00890403
558.364	0.00895841
558.864	0.00894696
559.364	0.00886987
559.863	0.00872784
560.363	0.00852201
560.863	0.00825401
561.363	0.00792591
561.863	0.00754022
562.363	0.00709988
562.863	0.00660819
563.363	0.00606887
563.863	0.00548593
564.362	0.00486373
564.862	0.0042069
565.362	0.00352031
565.862	0.00280905
566.362	0.00207835
566.862	0.00133363
567.362	0.000580346
567.862	-0.000175956
568.361	-0.000929734
568.861	-0.00167547
569.361	-0.00240771
569.861	-0.00312112
570.361	-0.00381051
570.861	-0.00447085
571.361	-0.00509738
571.861	-0.00568555
572.36	-0.00623113
572.86	-0.00673018
573.36	-0.00717915
573.86	-0.00757481
574.36	-0.00791438
574.86	-0.00819545
575.36	-0.00841607
575.86	-0.00857473
576.359	-0.00867038
576.859	-0.00870241
577.359	-0.00867072
577.859	-0.00857563
578.359	-0.00841796
578.859	-0.00819897
579.359	-0.00792036
579.859	-0.00758429
580.358	-0.00719332
580.858	-0.0067504
581.358	-0.00625887
581.858	-0.00572241
582.358	-0.00514503
582.858	-0.00453103
583.358	-0.00388498
583.858	-0.00321166
584.358	-0.00251605
584.857	-0.00180329
585.357	-0.00107863
585.857	-0.000347391
586.357	0.000385046
586.857	0.00111332
587.357	0.00183209
587.857	0.00253612
588.357	0.00322027
588.856	0.00387956
589.356	0.00450921
589.856	0.00510464
590.356	0.00566156
590.856	0.00617595
591.356	0.0066441
591.856	0.00706268
592.356	0.00742869
592.855	0.00773954
593.355	0.00799305
593.855	0.00818746
594.355	0.00832144
594.855	0.00839411
595.355	0.00840503
595.855	0.00835425
596.355	0.00824222
596.854	0.00806988
597.354	0.00783858
597.854	0.00755012
598.354	0.00720671
598.854	0.00681096
599.354	0.00636585
599.854	0.00587473
600.354	0.00534128
600.853	0.00476946
601.353	0.00416354
601.853	0.00352802
602.353	0.00286759
602.853	0.00218714
603.353	0.00149169
603.853	0.000786365
604.353	7.63389e-05
604.853	-0.000633172
605.352	-0.00133697
605.852	-0.00202991
606.352	-0.00270692
606.852	-0.00336309
607.352	-0.00399362
607.852	-0.00459394
608.352	-0.00515971
608.852	-0.00568683
609.351	-0.00617151
609.851	-0.00661025
610.351	-0.00699993
610.851	-0.00733777
611.351	-0.00762138
611.851	-0.00784876
612.351	-0.00801834
612.851	-0.00812897
613.35	-0.00817995
613.85	-0.00817098
614.35	-0.00810225
614.85	-0.00797434
615.35	-0.00778829
615.85	-0.00754555
616.35	-0.00724801
616.85	-0.00689792
617.349	-0.00649794
617.849	-0.00605108
618.349	-0.00556069
618.849	-0.00503044
619.349	-0.00446427
619.849	-0.00386639
620.349	-0.00324124
620.849	-0.00259344
621.348	-0.00192777
621.848	-0.00124913
622.348	-0.000562538
622.848	0.00012698
623.348	0.000814362
623.848	0.00149457
624.348	0.00216264
624.848	0.00281369
625.347	0.00344297
625.847	0.00404591
626.347	0.00461813
626.847	0.00515549
627.347	0.00565411
627.847	0.00611038
628.347	0.00652105
628.847	0.00688316
629.347	0.00719414
629.846	0.0074518
630.346	0.00765433
630.846	0.00780033
631.346	0.00788882
631.846	0.00791925
632.346	0.00789148
632.846	0.00780581
633.346	0.00766296
633.845	0.00746406
634.345	0.00721066
634.845	0.00690471
635.345	0.00654853
635.845	0.0061448
636.345	0.00569657
636.845	0.00520718
637.345	0.00468029
637.844	0.00411982
638.344	0.00352993
638.844	0.00291498
639.344	0.00227952
639.844	0.00162825
640.344	0.00096596
640.844	0.000297519
641.344	-0.000372161
641.843	-0.00103817
642.343	-0.00169564
642.843	-0.00233975
643.343	-0.00296582
643.843	-0.00356927
644.343	-0.00414573
644.843	-0.004691
645.343	-0.00520114
645.842	-0.00567247
646.342	-0.00610159
646.842	-0.00648542
647.342	-0.00682122
647.842	-0.0071066
648.342	-0.00733955
648.842	-0.00751843
649.342	-0.00764203
649.842	-0.00770952
650.341	-0.00772049
650.841	-0.00767496
651.341	-0.00757333
651.841	-0.00741644
652.341	-0.00720552
652.841	-0.00694221
653.341	-0.00662852
653.841	-0.00626681
654.34	-0.00585981
654.84	-0.00541058
655.34	-0.00492248
655.84	-0.00439913
656.34	-0.00384443
656.84	-0.00326249
657.34	-0.00265762
657.84	-0.00203429
658.339	-0.00139709
658.839	-0.000750712
659.339	-9.99119e-05
659.839	0.000550535
660.339	0.00119586
660.839	0.00183135
661.339	0.00245235
661.839	0.00305434
662.338	0.00363293
662.838	0.00418391
663.338	0.0047033
663.838	0.00518733
664.338	0.0056325
664.838	0.00603561
665.338	0.00639378
665.838	0.00670443
666.337	0.00696538
666.837	0.00717477
667.337	0.00733115
667.837	0.00743346
668.337	0.00748102
668.837	0.00747356
669.337	0.00741124
669.837	0.00729457
670.337	0.00712451
670.836	0.00690237
671.336	0.00662986
671.836	0.00630906
672.336	0.00594238
672.836	0.00553258
673.336	0.00508274
673.836	0.0045962
674.336	0.00407659
674.835	0.00352776
675.335	0.00295379
675.835	0.00235891
676.335	0.00174752
676.835	0.00112412
677.335	0.0004933
677.835	-0.000140305
678.335	-0.000772047
678.834	-0.0013973
679.334	-0.00201148
679.834	-0.00261012
680.334	-0.00318884
680.834	-0.00374343
681.334	-0.00426987
681.834	-0.00476432
682.334	-0.00522323
682.833	-0.00564327
683.333	-0.00602142
683.833	-0.00635497
684.333	-0.00664155
684.833	-0.00687912
685.333	-0.007066
685.833	-0.00720091
686.333	-0.00728293
686.832	-0.00731153
687.332	-0.00728659
687.832	-0.00720836
688.332	-0.0070775
688.832	-0.00689504
689.332	-0.00666239
689.832	-0.00638133
690.332	-0.00605399
690.832	-0.00568284
691.331	-0.00527066
691.831	-0.00482053
692.331	-0.00433581
692.831	-0.00382009
693.331	-0.00327721
693.831	-0.00271118
694.331	-0.00212618
694.831	-0.00152654
695.33	-0.000916658
695.83	-0.00030103
696.33	0.000315827
696.83	0.000929388
697.33	0.00153516
697.83	0.00212871
698.33	0.00270572
698.83	0.00326196
699.329	0.00379341
699.829	0.00429618
700.329	0.00476665
700.829	0.0052014
701.329	0.00559731
701.829	0.00595152
702.329	0.0062615
702.829	0.00652504
703.328	0.00674027
703.828	0.00690568
704.328	0.00702013
704.828	0.00708287
705.328	0.00709348
705.828	0.00705199
706.328	0.00695875
706.828	0.00681454
707.327	0.00662047
707.827	0.00637805
708.327	0.00608911
708.827	0.00575584
709.327	0.00538075
709.827	0.00496665
710.327	0.00451662
710.827	0.00403401
711.326	0.00352241
711.826	0.00298562
712.326	0.00242759
712.826	0.00185246
713.326	0.00126445
713.826	0.000667907
714.326	6.72075e-05
714.826	-0.000533238
715.326	-0.00112903
715.825	-0.0017158
716.325	-0.00228927
716.825	-0.00284524
717.325	-0.00337967
717.825	-0.00388868
718.325	-0.00436855
718.825	-0.00481582
719.325	-0.00522725
719.824	-0.00559988
720.324	-0.00593102
720.824	-0.00621832
721.324	-0.00645971
721.824	-0.0066535
722.324	-0.00679833
722.824	-0.00689321
723.324	-0.0069375
723.823	-0.00693096
724.323	-0.00687371
724.823	-0.00676622
725.323	-0.00660937
725.823	-0.00640436
726.323	-0.00615277
726.823	-0.00585651
727.323	-0.0055178
727.822	-0.00513919
728.322	-0.00472351
728.822	-0.00427386
729.322	-0.00379358
729.822	-0.00328623
730.322	-0.00275557
730.822	-0.00220552
731.322	-0.00164015
731.821	-0.00106361
732.321	-0.000480142
732.821	0.000105957
733.321	0.000690392
733.821	0.00126888
734.321	0.00183719
734.821	0.00239116
735.321	0.00292676
735.821	0.00344009
736.32	0.00392741
736.82	0.00438518
737.32	0.00481009
737.82	0.00519907
738.32	0.00554932
738.82	0.00585831
739.32	0.00612385
739.82	0.00634403
740.319	0.00651732
740.819	0.0066425
741.319	0.00671872
741.819	0.00674549
742.319	0.00672267
742.819	0.00665051
743.319	0.0065296
743.819	0.00636088
744.318	0.00614566
744.818	0.00588559
745.318	0.00558262
745.818	0.00523905
746.318	0.00485743
746.818	0.00444062
747.318	0.00399172
747.818	0.00351407
748.317	0.0030112
748.817	0.00248685
749.317	0.00194487
749.817	0.00138927
750.317	0.000824142
750.817	0.000253637
751.317	-0.000318053
751.817	-0.000886734
752.316	-0.00144824
752.816	-0.00199847
753.316	-0.0025334
753.816	-0.00304912
754.316	-0.00354189
754.816	-0.00400811
755.316	-0.00444442
755.816	-0.00484764
756.316	-0.00521486
756.815	-0.00554345
757.315	-0.00583103
757.815	-0.00607556
758.315	-0.00627531
758.815	-0.00642885
759.315	-0.00653514
759.815	-0.00659345
760.315	-0.00660342
760.814	-0.00656504
761.314	-0.00647865
761.814	-0.00634495
762.314	-0.00616498
762.814	-0.00594012
763.314	-0.00567208
763.814	-0.00536288
764.314	-0.00501484
764.813	-0.00463057
765.313	-0.00421292
765.813	-0.00376501
766.313	-0.00329015
766.813	-0.00279187
767.313	-0.00227384
767.813	-0.0017399
768.313	-0.00119397
768.812	-0.000640071
769.312	-8.22802e-05
769.812	0.00047531
770.312	0.00102861
770.812	0.00157358
771.312	0.00210622
771.812	0.00262264
772.312	0.00311909
772.811	0.00359195
773.311	0.00403778
773.811	0.00445335
774.311	0.00483564
774.811	0.00518191
775.311	0.00548966
775.811	0.00575667
776.311	0.00598106
776.811	0.00616122
777.31	0.00629589
777.81	0.00638414
778.31	0.00642539
778.81	0.0064194
779.31	0.00636626
779.81	0.00626643
780.31	0.00612071
780.81	0.00593021
781.309	0.00569639
781.809	0.00542103
782.309	0.00510619
782.809	0.00475423
783.309	0.00436779
783.809	0.00394973
784.309	0.00350317
784.809	0.00303141
785.308	0.00253795
785.808	0.00202644
786.308	0.00150064
786.808	0.000964428
787.308	0.000421753
787.808	-0.0001234
788.308	-0.00066703
788.808	-0.00120515
789.307	-0.00173383
789.807	-0.0022492
790.307	-0.00274749
790.807	-0.00322508
791.307	-0.00367849
791.807	-0.00410443
792.307	-0.0044998
792.807	-0.00486174
793.306	-0.00518765
793.806	-0.00547518
794.306	-0.00572227
794.806	-0.00592716
795.306	-0.0060884
795.806	-0.00620486
796.306	-0.00627574
796.806	-0.00630058
797.305	-0.00627926
797.805	-0.00621198
798.305	-0.00609931
798.805	-0.00594212
799.305	-0.00574162
799.805	-0.00549934
800.305	-0.0052171
800.805	-0.00489703
801.305	-0.00454151
801.804	-0.0041532
802.304	-0.00373498
802.804	-0.00328997
803.304	-0.00282145
803.804	-0.00233289
804.304	-0.00182789
804.804	-0.00131019
805.304	-0.000783588
805.803	-0.00025196
806.303	0.000280789
806.803	0.000810753
807.303	0.00133405
807.803	0.00184685
808.303	0.0023454
808.803	0.00282608
809.303	0.00328537
809.802	0.00371993
810.302	0.00412661
810.802	0.00450247
811.302	0.00484478
811.802	0.00515107
812.302	0.00541915
812.802	0.00564709
813.302	0.00583328
813.801	0.00597639
814.301	0.00607544
814.801	0.00612975
815.301	0.00613897
815.801	0.00610311
816.301	0.00602246
816.801	0.00589769
817.301	0.00572975
817.8	0.00551994
818.3	0.00526984
818.8	0.00498133
819.3	0.00465659
819.8	0.00429803
820.3	0.00390833
820.8	0.00349037
821.3	0.00304727
821.8	0.00258229
822.299	0.00209888
822.799	0.00160061
823.299	0.00109114
823.799	0.000574223
824.299	5.36622e-05
824.799	-0.000466722
825.299	-0.000983114
825.799	-0.00149173
826.298	-0.00198886
826.798	-0.00247085
827.298	-0.00293421
827.798	-0.00337555
828.298	-0.00379166
828.798	-0.00417952
829.298	-0.00453632
829.798	-0.00485949
830.297	-0.00514669
830.797	-0.00539585
831.297	-0.00560521
831.797	-0.00577326
832.297	-0.00589884
832.797	-0.00598106
833.297	-0.00601937
833.797	-0.00601356
834.296	-0.00596371
834.796	-0.00587024
835.296	-0.00573388
835.796	-0.0055557
836.296	-0.00533704
836.796	-0.00507957
837.296	-0.0047852
837.796	-0.00445614
838.295	-0.00409486
838.795	-0.00370403
839.295	-0.00328655
839.795	-0.00284553
840.295	-0.00238422
840.795	-0.00190602
841.295	-0.00141447
841.795	-0.000913184
842.295	-0.000405849
842.794	0.000103806
843.294	0.000612043
843.794	0.00111514
844.294	0.0016094
844.794	0.00209123
845.294	0.00255709
845.794	0.0030036
846.294	0.0034275
846.793	0.00382572
847.293	0.00419535
847.793	0.00453373
848.293	0.00483841
848.793	0.00510719
849.293	0.00533816
849.793	0.00552965
850.293	0.00568031
850.792	0.00578908
851.292	0.00585522
851.792	0.00587829
852.292	0.00585818
852.792	0.00579507
853.292	0.00568949
853.792	0.00554225
854.292	0.00535449
854.791	0.00512764
855.291	0.00486339
855.791	0.00456373
856.291	0.00423091
856.791	0.0038674
857.291	0.0034759
857.791	0.00305931
858.291	0.00262073
858.79	0.00216338
859.29	0.00169066
859.79	0.00120604
860.29	0.000713084
860.79	0.000215427
861.29	-0.000283279
861.79	-0.000779376
862.29	-0.00126923
862.789	-0.00174925
863.289	-0.00221594
863.789	-0.00266588
864.289	-0.00309579
864.789	-0.00350255
865.289	-0.0038832
865.789	-0.00423498
866.289	-0.00455533
866.789	-0.00484195
867.288	-0.00509278
867.788	-0.00530601
868.288	-0.00548013
868.788	-0.0056139
869.288	-0.00570638
869.788	-0.00575696
870.288	-0.0057653
870.788	-0.00573139
871.287	-0.00565552
871.787	-0.00553832
872.287	-0.00538066
872.787	-0.00518378
873.287	-0.00494914
873.787	-0.00467851
874.287	-0.00437393
874.787	-0.00403765
875.286	-0.00367219
875.786	-0.00328026
876.286	-0.00286476
876.786	-0.00242876
877.286	-0.00197549
877.786	-0.00150828
878.286	-0.00103059
878.786	-0.000545924
879.285	-5.78449e-05
879.785	0.000430064
880.285	0.000914224
880.785	0.00139109
881.285	0.00185717
881.785	0.00230906
882.285	0.00274347
882.785	0.00315723
883.284	0.00354732
883.784	0.00391091
884.284	0.00424537
884.784	0.00454828
885.284	0.00481745
885.784	0.00505095
886.284	0.0052471
886.784	0.00540451
887.284	0.00552206
887.783	0.00559895
888.283	0.00563465
888.783	0.00562894
889.283	0.00558192
889.783	0.00549398
890.283	0.0053658
890.783	0.00519838
891.283	0.00499299
891.782	0.00475116
892.282	0.00447473
892.782	0.00416575
893.282	0.00382653
893.782	0.00345959
894.282	0.00306765
894.782	0.00265362
895.282	0.00222055
895.781	0.00177164
896.281	0.00131021
896.781	0.000839645
897.281	0.000363414
897.781	-0.000114986
898.281	-0.000592043
898.781	-0.00106426
899.281	-0.00152818
899.78	-0.00198041
900.28	-0.00241765
900.78	-0.0028367
901.28	-0.00323451
901.78	-0.00360819
902.28	-0.00395502
902.78	-0.0042725
903.28	-0.00455832
903.779	-0.00481042
904.279	-0.00502699
904.779	-0.00520648
905.279	-0.00534762
905.779	-0.00544941
906.279	-0.00551116
906.779	-0.00553244
907.279	-0.00551315
907.779	-0.00545348
908.278	-0.00535391
908.778	-0.00521521
909.278	-0.00503843
909.778	-0.00482493
910.278	-0.00457631
910.778	-0.00429442
911.278	-0.00398137
911.778	-0.00363949
912.277	-0.00327132
912.777	-0.00287959
913.277	-0.00246719
913.777	-0.00203718
914.277	-0.00159273
914.777	-0.00113711
915.277	-0.000673668
915.777	-0.000205823
916.276	0.000262994
916.776	0.000729344
917.276	0.00118981
917.776	0.00164102
918.276	0.00207968
918.776	0.00250257
919.276	0.00290663
919.776	0.00328891
920.275	0.00364661
920.775	0.00397716
921.275	0.00427816
921.775	0.00454742
922.275	0.00478301
922.775	0.00498324
923.275	0.00514668
923.775	0.00527217
924.274	0.00535882
924.774	0.00540606
925.274	0.00541357
925.774	0.00538133
926.274	0.00530964
926.774	0.00519906
927.274	0.00505044
927.774	0.00486492
928.274	0.00464388
928.773	0.00438901
929.273	0.00410219
929.773	0.00378556
930.273	0.00344149
930.773	0.00307253
931.273	0.0026814
931.773	0.002271
932.273	0.00184437
932.772	0.00140464
933.272	0.000955057
933.772	0.00049893
934.272	3.96105e-05
934.772	-0.000419529
935.272	-0.000875122
935.772	-0.00132383
936.272	-0.00176237
936.771	-0.00218754
937.271	-0.00259622
937.771	-0.00298545
938.271	-0.00335239
938.771	-0.00369436
939.271	-0.0040089
939.771	-0.00429371
940.271	-0.00454675
940.77	-0.00476618
941.27	-0.00495045
941.77	-0.00509822
942.27	-0.00520847
942.77	-0.00528041
943.27	-0.00531356
943.77	-0.00530772
944.27	-0.00526298
944.769	-0.00517969
945.269	-0.00505852
945.769	-0.00490039
946.269	-0.00470651
946.769	-0.00447832
947.269	-0.00421754
947.769	-0.00392612
948.269	-0.00360622
948.768	-0.00326023
949.268	-0.0028907
949.768	-0.00250038
950.268	-0.00209214
950.768	-0.001669
951.268	-0.00123408
951.768	-0.000790581
952.268	-0.000341763
952.768	0.000109075
953.267	0.000558626
953.767	0.00100359
954.267	0.00144072
954.767	0.0018668
955.267	0.00227874
955.767	0.00267351
956.267	0.00304824
956.767	0.00340021
957.266	0.00372686
957.766	0.00402582
958.266	0.00429492
958.766	0.00453223
959.266	0.00473603
959.766	0.00490487
960.266	0.00503754
960.766	0.00513311
961.265	0.00519092
961.765	0.00521057
962.265	0.00519198
962.765	0.00513531
963.265	0.00504102
963.765	0.00490983
964.265	0.00474276
964.765	0.00454106
965.264	0.00430625
965.764	0.00404008
966.264	0.00374455
966.764	0.00342184
967.264	0.00307435
967.764	0.00270466
968.264	0.0023155
968.764	0.00190975
969.263	0.0014904
969.763	0.00106054
970.263	0.000623329
970.763	0.000181988
971.263	-0.000260245
971.763	-0.000700124
972.263	-0.00113443
972.763	-0.00155997
973.263	-0.00197364
973.762	-0.00237242
974.262	-0.00275341
974.762	-0.00311381
975.262	-0.00345101
975.762	-0.00376256
976.262	-0.0040462
976.762	-0.00429989
977.262	-0.00452178
977.761	-0.00471028
978.261	-0.00486405
978.761	-0.00498199
979.261	-0.00506328
979.761	-0.00510735
980.261	-0.00511392
980.761	-0.00508298
981.261	-0.0050148
981.76	-0.0049099
982.26	-0.00476911
982.76	-0.00459348
983.26	-0.00438435
983.76	-0.00414327
984.26	-0.00387206
984.76	-0.00357272
985.26	-0.00324749
985.759	-0.00289877
986.259	-0.00252915
986.759	-0.00214135
987.259	-0.00173825
987.759	-0.00132281
988.259	-0.000898095
988.759	-0.000467225
989.259	-3.33687e-05
989.758	0.000400289
990.258	0.000830569
990.758	0.00125432
991.258	0.00166843
991.758	0.00206989
992.258	0.00245575
992.758	0.0028232
993.258	0.00316958
993.758	0.00349235
994.257	0.00378917
994.757	0.0040579
995.257	0.00429659
995.757	0.00450352
996.257	0.0046772
996.757	0.0048164
997.257	0.00492012
997.757	0.00498765
998.256	0.00501852
998.756	0.00501254
999.256	0.0049698
999.756	0.00489064
1000.26	0.00477569
1000.76	0.00462581
1001.26	0.00444215
1001.76	0.00422609
1002.26	0.00397924
1002.76	0.00370344
1003.26	0.00340075
1003.76	0.00307342
1004.25	0.00272386
1004.75	0.00235467
1005.25	0.00196857
1005.75	0.00156841
1006.25	0.00115714
1006.75	0.000737796
1007.25	0.000313451
1007.75	-0.000112775
1008.25	-0.000537752
1008.75	-0.000958365
1009.25	-0.00137153
1009.75	-0.00177423
1010.25	-0.00216352
1010.75	-0.00253655
1011.25	-0.00289061
1011.75	-0.00322311
1012.25	-0.00353165
1012.75	-0.00381398
1013.25	-0.00406805
1013.75	-0.00429203
1014.25	-0.0044843
1014.75	-0.00464349
1015.25	-0.00476847
1015.75	-0.00485834
1016.25	-0.00491248
1016.75	-0.00493054
1017.25	-0.00491241
1017.75	-0.00485826
1018.25	-0.00476853
1018.75	-0.00464391
1019.25	-0.00448534
1019.75	-0.00429403
1020.25	-0.0040714
1020.75	-0.00381913
1021.25	-0.00353909
1021.75	-0.00323335
1022.25	-0.0029042
1022.75	-0.00255407
1023.25	-0.00218554
1023.75	-0.00180133
1024.25	-0.00140429
1024.75	-0.000997329
1025.25	-0.000583448
1025.75	-0.000165689
1026.25	0.000252881
1026.75	0.00066919
1027.25	0.00108019
1027.75	0.00148286
1028.25	0.00187427
1028.75	0.00225156
1029.25	0.00261196
1029.75	0.00295286
1030.25	0.00327176
1030.75	0.00356636
1031.25	0.00383452
1031.75	0.00407429
1032.25	0.00428395
1032.75	0.00446198
1033.25	0.00460711
1033.75	0.0047183
1034.25	0.00479478
1034.75	0.00483602
1035.25	0.00484175
1035.75	0.00481196
1036.25	0.0047469
1036.75	0.00464709
1037.25	0.00451329
1037.75	0.00434651
1038.25	0.00414802
1038.75	0.00391929
1039.25	0.00366203
1039.75	0.00337816
1040.25	0.00306979
1040.75	0.0027392
1041.25	0.00238884
1041.75	0.0020213
1042.25	0.00163928
1042.75	0.00124561
1043.25	0.000843187
1043.75	0.000434966
1044.25	2.395e-05
1044.75	-0.000386844
1045.24	-0.000794403
1045.74	-0.00119574
1046.24	-0.00158792
1046.74	-0.00196807
1047.24	-0.00233341
1047.74	-0.00268128
1048.24	-0.00300915
1048.74	-0.00331463
1049.24	-0.0035955
1049.74	-0.00384971
1050.24	-0.00407544
1050.74	-0.00427106
1051.24	-0.00443515
1051.74	-0.00456655
1052.24	-0.00466431
1052.74	-0.00472776
1053.24	-0.00475647
1053.74	-0.00475025
1054.24	-0.00470919
1054.74	-0.00463361
1055.24	-0.00452411
1055.74	-0.00438152
1056.24	-0.00420691
1056.74	-0.00400161
1057.24	-0.00376714
1057.74	-0.00350525
1058.24	-0.00321789
1058.74	-0.00290719
1059.24	-0.00257544
1059.74	-0.00222512
1060.24	-0.00185879
1060.74	-0.00147917
1061.24	-0.00108905
1061.74	-0.000691303
1062.24	-0.000288851
1062.74	0.000115346
1063.24	0.000518324
1063.74	0.000917128
1064.24	0.00130883
1064.74	0.00169058
1065.24	0.00205957
1065.74	0.00241311
1066.24	0.00274863
1066.74	0.00306367
1067.24	0.00335595
1067.74	0.00362335
1068.24	0.00386392
1068.74	0.00407593
1069.24	0.00425784
1069.74	0.00440836
1070.24	0.00452641
1070.74	0.00461114
1071.24	0.00466198
1071.74	0.00467858
1072.24	0.00466085
1072.74	0.00460895
1073.24	0.0045233
1073.74	0.00440455
1074.24	0.0042536
1074.74	0.0040716
1075.24	0.00385991
1075.74	0.00362011
1076.24	0.00335398
1076.74	0.0030635
1077.24	0.00275082
1077.74	0.00241826
1078.24	0.00206828
1078.74	0.00170346
1079.24	0.00132648
1079.74	0.000940134
1080.24	0.000547253
1080.74	0.000150728
1081.24	-0.000246528
1081.74	-0.000641601
1082.24	-0.00103159
1082.74	-0.00141365
1083.24	-0.00178498
1083.74	-0.00214286
1084.24	-0.00248469
1084.74	-0.00280796
1085.24	-0.00311033
1085.74	-0.0033896
1086.23	-0.00364374
1086.73	-0.0038709
1087.23	-0.00406946
1087.73	-0.00423796
1088.23	-0.00437522
1088.73	-0.00448025
1089.23	-0.0045523
1089.73	-0.00459089
1090.23	-0.00459575
1090.73	-0.00456689
1091.23	-0.00450454
1091.73	-0.0044092
1092.23	-0.00428159
1092.73	-0.00412268
1093.23	-0.00393367
1093.73	-0.00371596
1094.23	-0.00347118
1094.73	-0.00320116
1095.23	-0.00290789
1095.73	-0.00259354
1096.23	-0.00226046
1096.73	-0.00191108
1097.23	-0.00154799
1097.73	-0.00117387
1098.23	-0.000791478
1098.73	-0.000403615
1099.23	-1.31361e-05
1099.73	0.000377092
1100.23	0.000764206
1100.73	0.00114537
1101.23	0.00151779
1101.73	0.00187875
1102.23	0.00222561
1102.73	0.00255583
1103.23	0.00286701
1103.73	0.00315688
1104.23	0.00342334
1104.73	0.00366445
1105.23	0.00387847
1105.73	0.00406385
1106.23	0.00421925
1106.73	0.00434357
1107.23	0.00443592
1107.73	0.00449565
1108.23	0.00452236
1108.73	0.00451587
1109.23	0.00447627
1109.73	0.00440387
1110.23	0.00429923
1110.73	0.00416316
1111.23	0.00399668
1111.73	0.00380103
1112.23	0.00357768
1112.73	0.00332829
1113.23	0.00305472
1113.73	0.00275899
1114.23	0.00244329
1114.73	0.00210996
1115.23	0.00176145
1115.73	0.00140035
1116.23	0.00102929
1116.73	0.000651032
1117.23	0.000268339
1117.73	-0.000115974
1118.23	-0.000499085
1118.73	-0.000878185
1119.23	-0.0012505
1119.73	-0.0016133
1120.23	-0.00196393
1120.73	-0.00229984
1121.23	-0.00261856
1121.73	-0.00291779
1122.23	-0.00319534
1122.73	-0.00344919
1123.23	-0.0036775
1123.73	-0.00387863
1124.23	-0.00405111
1124.73	-0.00419372
1125.23	-0.00430543
1125.73	-0.00438544
1126.23	-0.00443321
1126.73	-0.0044484
1127.22	-0.00443094
1127.72	-0.00438098
1128.22	-0.00429892
1128.72	-0.00418538
1129.22	-0.00404124
1129.72	-0.00386757
1130.22	-0.00366567
1130.72	-0.00343705
1131.22	-0.00318342
1131.72	-0.00290664
1132.22	-0.00260878
1132.72	-0.00229204
1133.22	-0.00195876
1133.72	-0.00161139
1134.22	-0.0012525
1134.72	-0.000884734
1135.22	-0.000510794
1135.72	-0.00013343
1136.22	0.000244588
1136.72	0.000620484
1137.22	0.000991505
1137.72	0.00135493
1138.22	0.0017081
1138.72	0.00204844
1139.22	0.00237346
1139.72	0.00268079
1140.22	0.00296818
1140.72	0.00323355
1141.22	0.00347498
1141.72	0.0036907
1142.22	0.00387917
1142.72	0.00403902
1143.22	0.0041691
1143.72	0.00426848
1144.22	0.00433648
1144.72	0.0043726
1145.22	0.00437662
1145.72	0.00434853
1146.22	0.00428857
1146.72	0.0041972
1147.22	0.00407512
1147.72	0.00392326
1148.22	0.00374276
1148.72	0.00353496
1149.22	0.00330141
1149.72	0.00304384
1150.22	0.00276418
1150.72	0.00246448
1151.22	0.00214697
1151.72	0.00181398
1152.22	0.00146798
1152.72	0.00111152
1153.22	0.000747209
1153.72	0.00037774
1154.22	5.82266e-06
1154.72	-0.000365811
1155.22	-0.000734437
1155.72	-0.00109735
1156.22	-0.0014519
1156.72	-0.00179548
1157.22	-0.0021256
1157.72	-0.00243983
1158.22	-0.00273588
1158.72	-0.00301161
1159.22	-0.003265
1159.72	-0.00349422
1160.22	-0.0036976
1160.72	-0.00387368
1161.22	-0.00402118
1161.72	-0.00413905
1162.22	-0.00422646
1162.72	-0.00428277
1163.22	-0.00430762
1163.72	-0.00430084
1164.22	-0.00426251
1164.72	-0.00419294
1165.22	-0.00409267
1165.72	-0.00396245
1166.22	-0.00380327
1166.72	-0.00361633
1167.22	-0.00340301
1167.72	-0.0031649
1168.21	-0.00290378
1168.71	-0.00262158
1169.21	-0.00232038
1169.71	-0.00200241
1170.21	-0.00167003
1170.71	-0.00132567
1171.21	-0.000971878
1171.71	-0.000611257
1172.21	-0.000246457
1172.71	0.000119841
1173.21	0.00048495
1173.71	0.000846192
1174.21	0.00120092
1174.71	0.00154654
1175.21	0.00188052
1175.71	0.00220042
1176.21	0.0025039
1176.71	0.00278876
1177.21	0.00305292
1177.71	0.00329446
1178.21	0.00351162
1178.71	0.00370284
1179.21	0.00386673
1179.71	0.00400212
1180.21	0.00410803
1180.71	0.00418371
1181.21	0.00422863
1181.71	0.0042425
1182.21	0.00422523
1182.71	0.00417697
1183.21	0.00409811
1183.71	0.00398925
1184.21	0.00385122
1184.71	0.00368505
1185.21	0.00349198
1185.71	0.00327345
1186.21	0.0030311
1186.71	0.00276671
1187.21	0.00248224
1187.71	0.0021798
1188.21	0.00186163
1188.71	0.00153006
1189.21	0.00118754
1189.71	0.000836598
1190.21	0.000479811
1190.71	0.000119802
1191.21	-0.000240785
1191.71	-0.000599305
1192.21	-0.00095313
1192.71	-0.00129967
1193.21	-0.00163638
1193.71	-0.00196081
1194.21	-0.00227058
1194.71	-0.00256344
1195.21	-0.00283725
1195.71	-0.00309002
1196.21	-0.00331991
1196.71	-0.00352525
1197.21	-0.00370456
1197.71	-0.00385655
1198.21	-0.00398012
1198.71	-0.00407438
1199.21	-0.00413868
1199.71	-0.00417257
1200.21	-0.00417582
1200.71	-0.00414844
1201.21	-0.00409064
1201.71	-0.00400289
1202.21	-0.00388585
1202.71	-0.00374039
1203.21	-0.00356763
1203.71	-0.00336883
1204.21	-0.00314549
1204.71	-0.00289926
1205.21	-0.00263197
1205.71	-0.0023456
1206.21	-0.00204226
1206.71	-0.00172419
1207.21	-0.00139374
1207.71	-0.00105335
1208.21	-0.00070551
1208.71	-0.000352789
1209.2	2.22212e-06
1209.7	0.000356919
1210.2	0.000708698
1210.7	0.00105498
1211.2	0.00139323
1211.7	0.00172098
1212.2	0.00203582
1212.7	0.00233547
1213.2	0.00261772
1213.7	0.00288053
1214.2	0.00312199
1214.7	0.00334033
1215.2	0.00353399
1215.7	0.00370155
1216.2	0.0038418
1216.7	0.00395376
1217.2	0.0040366
1217.7	0.00408975
1218.2	0.00411285
1218.7	0.00410575
1219.2	0.00406853
1219.7	0.00400148
1220.2	0.00390512
1220.7	0.00378018
1221.2	0.0036276
1221.7	0.00344852
1222.2	0.00324429
1222.7	0.00301641
1223.2	0.00276657
1223.7	0.00249664
1224.2	0.0022086
1224.7	0.00190459
1225.2	0.00158684
1225.7	0.0012577
1226.2	0.000919598
1226.7	0.000575012
1227.2	0.00022648
1227.7	-0.000123438
1228.2	-0.000472175
1228.7	-0.000817173
1229.2	-0.0011559
1229.7	-0.00148589
1230.2	-0.00180471
1230.7	-0.00211004
1231.2	-0.00239966
1231.7	-0.00267144
1232.2	-0.00292341
1232.7	-0.00315374
1233.2	-0.00336075
1233.7	-0.00354295
1234.2	-0.00369902
1234.7	-0.00382783
1235.2	-0.00392847
1235.7	-0.00400021
1236.2	-0.00404255
1236.7	-0.00405522
1237.2	-0.00403813
1237.7	-0.00399144
1238.2	-0.00391551
1238.7	-0.00381093
1239.2	-0.00367849
1239.7	-0.00351918
1240.2	-0.00333418
1240.7	-0.00312489
1241.2	-0.00289285
1241.7	-0.00263978
1242.2	-0.00236757
1242.7	-0.00207821
1243.2	-0.00177385
1243.7	-0.00145674
1244.2	-0.0011292
1244.7	-0.000793661
1245.2	-0.000452577
1245.7	-0.00010846
1246.2	0.000236164
1246.7	0.000578765
1247.2	0.000916831
1247.7	0.00124789
1248.2	0.00156951
1248.7	0.00187934
1249.2	0.00217512
1249.69	0.0024547
1250.19	0.00271602
1250.69	0.0029572
1251.19	0.00317647
1251.69	0.00337224
1252.19	0.00354311
1252.69	0.00368782
1253.19	0.00380535
1253.69	0.00389485
1254.19	0.00395569
1254.69	0.00398744
1255.19	0.0039899
1255.69	0.00396306
1256.19	0.00390716
1256.69	0.00382261
1257.19	0.00371007
1257.69	0.00357039
1258.19	0.0034046
1258.69	0.00321395
1259.19	0.00299985
1259.69	0.0027639
1260.19	0.00250784
1260.69	0.00223357
1261.19	0.00194311
1261.69	0.0016386
1262.19	0.0013223
1262.69	0.000996533
1263.19	0.000663693
1263.69	0.000326228
1264.19	-1.33797e-05
1264.69	-0.000352639
1265.19	-0.00068906
1265.69	-0.00102018
1266.19	-0.00134357
1266.69	-0.00165686
1267.19	-0.00195777
1267.69	-0.00224409
1268.19	-0.00251375
1268.69	-0.00276476
1269.19	-0.00299531
1269.69	-0.00320373
1270.19	-0.00338849
1270.69	-0.00354826
1271.19	-0.00368189
1271.69	-0.00378843
1272.19	-0.0038671
1272.69	-0.00391736
1273.19	-0.00393885
1273.69	-0.00393145
1274.19	-0.00389523
1274.69	-0.00383048
1275.19	-0.00373769
1275.69	-0.00361758
1276.19	-0.00347103
1276.69	-0.00329916
1277.19	-0.00310323
1277.69	-0.00288471
1278.19	-0.00264521
1278.69	-0.00238651
1279.19	-0.00211053
1279.69	-0.0018193
1280.19	-0.00151497
1280.69	-0.00119978
1281.19	-0.000876057
1281.69	-0.000546179
1282.19	-0.000212573
1282.69	0.000122312
1283.19	0.000456016
1283.69	0.000786093
1284.19	0.00111012
1284.69	0.00142573
1285.19	0.00173062
1285.69	0.00202254
1286.19	0.00229938
1286.69	0.00255911
1287.19	0.00279984
1287.69	0.00301981
1288.19	0.00321744
1288.69	0.00339128
1289.19	0.00354008
1289.69	0.00366277
1290.19	0.00375847
1290.68	0.00382649
1291.18	0.00386636
1291.68	0.00387781
1292.18	0.00386077
1292.68	0.0038154
1293.18	0.00374204
1293.68	0.00364126
1294.18	0.00351382
1294.68	0.00336066
1295.18	0.00318295
1295.68	0.00298199
1296.18	0.00275928
1296.68	0.00251648
1297.18	0.00225537
1297.68	0.00197789
1298.18	0.00168608
1298.68	0.0013821
1299.18	0.00106819
1299.68	0.000746659
1300.18	0.000419868
1300.68	9.02215e-05
1301.18	-0.000239861
1301.68	-0.000567957
1302.18	-0.000891661
1302.68	-0.0012086
1303.18	-0.00151646
1303.68	-0.00181298
1304.18	-0.002096
1304.68	-0.00236345
1305.18	-0.00261339
1305.68	-0.00284398
1306.18	-0.00305356
1306.68	-0.00324061
1307.18	-0.00340376
1307.68	-0.00354184
1308.18	-0.00365386
1308.68	-0.00373901
1309.18	-0.0037967
1309.68	-0.00382651
1310.18	-0.00382825
1310.68	-0.00380193
1311.18	-0.00374776
1311.68	-0.00366617
1312.18	-0.00355776
1312.68	-0.00342337
1313.18	-0.00326399
1313.68	-0.00308081
1314.18	-0.0028752
1314.68	-0.00264867
1315.18	-0.00240291
1315.68	-0.00213974
1316.18	-0.0018611
1316.68	-0.00156905
1317.18	-0.00126573
1317.68	-0.00095339
1318.18	-0.000634319
1318.68	-0.000310866
1319.18	1.4593e-05
1319.68	0.000339668
1320.18	0.000661975
1320.68	0.00097915
1321.18	0.00128887
1321.68	0.00158887
1322.18	0.00187695
1322.68	0.00215102
1323.18	0.00240906
1323.68	0.0026492
1324.18	0.0028697
1324.68	0.00306894
1325.18	0.00324548
1325.68	0.00339804
1326.18	0.00352553
1326.68	0.00362702
1327.18	0.00370178
1327.68	0.00374931
1328.18	0.00376925
1328.68	0.00376149
1329.18	0.00372611
1329.68	0.00366338
1330.18	0.00357379
1330.68	0.00345801
1331.18	0.00331691
1331.67	0.00315155
1332.17	0.00296315
1332.67	0.00275313
1333.17	0.00252302
1333.67	0.00227455
1334.17	0.00200953
1334.67	0.00172994
1335.17	0.00143783
1335.67	0.00113536
1336.17	0.000824745
1336.67	0.000508278
1337.17	0.000188285
1337.67	-0.000132886
1338.17	-0.000452876
1338.67	-0.00076934
1339.17	-0.00107996
1339.67	-0.00138245
1340.17	-0.00167462
1340.67	-0.00195431
1341.17	-0.00221949
1341.67	-0.00246823
1342.17	-0.00269871
1342.67	-0.00290925
1343.17	-0.00309832
1343.67	-0.00326455
1344.17	-0.00340675
1344.67	-0.00352388
1345.17	-0.0036151
1345.67	-0.00367977
1346.17	-0.00371743
1346.67	-0.00372782
1347.17	-0.00371089
1347.67	-0.00366678
1348.17	-0.00359584
1348.67	-0.0034986
1349.17	-0.00337581
1349.67	-0.00322837
1350.17	-0.00305739
1350.67	-0.00286414
1351.17	-0.00265006
1351.67	-0.00241673
1352.17	-0.00216588
1352.67	-0.00189936
1353.17	-0.00161914
1353.67	-0.00132729
1354.17	-0.00102595
1354.67	-0.000717344
1355.17	-0.00040374
1355.67	-8.7444e-05
1356.17	0.000229222
1356.67	0.000543934
1357.17	0.000854385
1357.67	0.0011583
1358.17	0.00145345
1358.67	0.00173769
1359.17	0.00200892
1359.67	0.00226518
1360.17	0.00250459
1360.67	0.0027254
1361.17	0.00292602
1361.67	0.00310498
1362.17	0.00326099
1362.67	0.00339292
1363.17	0.00349982
1363.67	0.00358092
1364.17	0.00363565
1364.67	0.00366362
1365.17	0.00366465
1365.67	0.00363875
1366.17	0.00358614
1366.67	0.00350721
1367.17	0.00340256
1367.67	0.00327298
1368.17	0.00311945
1368.67	0.00294309
1369.17	0.00274523
1369.67	0.00252734
1370.17	0.00229101
1370.67	0.00203801
1371.17	0.0017702
1371.67	0.00148956
1372.17	0.00119815
1372.66	0.00089812
1373.16	0.000591679
1373.66	0.000281078
1374.16	-3.14008e-05
1374.66	-0.000343463
1375.16	-0.000652819
1375.66	-0.000957201
1376.16	-0.00125438
1376.66	-0.00154218
1377.16	-0.0018185
1377.66	-0.00208132
1378.16	-0.00232871
1378.66	-0.00255889
1379.16	-0.00277016
1379.66	-0.002961
1380.16	-0.00313001
1380.66	-0.00327598
1381.16	-0.00339785
1381.66	-0.00349474
1382.16	-0.00356596
1382.66	-0.00361101
1383.16	-0.00362957
1383.66	-0.00362153
1384.16	-0.00358697
1384.66	-0.00352615
1385.16	-0.00343956
1385.66	-0.00332783
1386.16	-0.0031918
1386.66	-0.0030325
1387.16	-0.00285111
1387.66	-0.00264897
1388.16	-0.00242758
1388.66	-0.00218859
1389.16	-0.00193375
1389.66	-0.00166496
1390.16	-0.00138418
1390.66	-0.0010935
1391.16	-0.000795041
1391.66	-0.000491011
1392.16	-0.000183641
1392.66	0.000124811
1393.16	0.00043208
1393.66	0.000735914
1394.16	0.00103408
1394.66	0.00132441
1395.16	0.00160476
1395.66	0.00187309
1396.16	0.00212745
1396.66	0.00236596
1397.16	0.0025869
1397.66	0.00278865
1398.16	0.00296975
1398.66	0.00312889
1399.16	0.0032649
1399.66	0.00337682
1400.16	0.00346384
1400.66	0.00352533
1401.16	0.00356087
1401.66	0.0035702
1402.16	0.00355329
1402.66	0.00351027
1403.16	0.00344148
1403.66	0.00334744
1404.16	0.00322886
1404.66	0.00308662
1405.16	0.0029218
1405.66	0.0027356
1406.16	0.00252942
1406.66	0.00230478
1407.16	0.00206334
1407.66	0.00180689
1408.16	0.00153731
1408.66	0.0012566
1409.16	0.000966823
1409.66	0.000670109
1410.16	0.000368643
1410.66	6.46379e-05
1411.16	-0.000239672
1411.66	-0.000542055
1412.16	-0.000840293
1412.66	-0.0011322
1413.16	-0.00141564
1413.65	-0.00168854
1414.15	-0.0019489
1414.65	-0.00219483
1415.15	-0.00242453
1415.65	-0.00263632
1416.15	-0.00282866
1416.65	-0.00300016
1417.15	-0.00314957
1417.65	-0.00327581
1418.15	-0.00337798
1418.65	-0.00345533
1419.15	-0.00350732
1419.65	-0.00353359
1420.15	-0.00353396
1420.65	-0.00350845
1421.15	-0.00345725
1421.65	-0.00338078
1422.15	-0.00327959
1422.65	-0.00315446
1423.15	-0.00300633
1423.65	-0.00283628
1424.15	-0.00264559
1424.65	-0.00243567
1425.15	-0.00220807
1425.65	-0.00196447
1426.15	-0.00170669
1426.65	-0.0014366
1427.15	-0.00115621
1427.65	-0.000867587
1428.15	-0.000572843
1428.65	-0.000274151
1429.15	2.62959e-05
1429.65	0.000326292
1430.15	0.000623636
1430.65	0.000916148
1431.15	0.00120168
1431.65	0.00147816
1432.15	0.00174354
1432.65	0.0019959
1433.15	0.00223339
1433.65	0.00245427
1434.15	0.00265695
1434.65	0.00283994
1435.15	0.00300191
1435.65	0.0031417
1436.15	0.00325829
1436.65	0.00335084
1437.15	0.00341869
1437.65	0.00346135
1438.15	0.00347854
1438.65	0.00347015
1439.15	0.00343625
1439.65	0.00337711
1440.15	0.00329318
1440.65	0.0031851
1441.15	0.00305367
1441.65	0.00289988
1442.15	0.00272487
1442.65	0.00252993
1443.15	0.00231651
1443.65	0.0020862
1444.15	0.00184069
1444.65	0.00158179
1445.15	0.00131141
1445.65	0.00103155
1446.15	0.000744262
1446.65	0.000451662
1447.15	0.000155901
1447.65	-0.000140851
1448.15	-0.000436414
1448.65	-0.00072862
1449.15	-0.00101533
1449.65	-0.00129444
1450.15	-0.00156391
1450.65	-0.00182177
1451.15	-0.00206613
1451.65	-0.00229522
1452.15	-0.00250736
1452.65	-0.002701
1453.15	-0.00287474
1453.65	-0.00302732
1454.15	-0.00315763
1454.64	-0.00326473
1455.14	-0.00334785
1455.64	-0.00340639
1456.14	-0.00343996
1456.64	-0.00344831
1457.14	-0.0034314
1457.64	-0.00338937
1458.14	-0.00332255
1458.64	-0.00323145
1459.14	-0.00311675
1459.64	-0.0029793
1460.14	-0.00282014
1460.64	-0.00264045
1461.14	-0.00244155
1461.64	-0.00222492
1462.14	-0.00199217
1462.64	-0.001745
1463.14	-0.00148525
1463.64	-0.00121483
1464.14	-0.000935729
1464.64	-0.00065
1465.14	-0.000359746
1465.64	-6.70997e-05
1466.14	0.00022579
1466.64	0.000516775
1467.14	0.00080372
1467.64	0.00108452
1468.14	0.00135713
1468.64	0.00161954
1469.14	0.00186984
1469.64	0.0021062
1470.14	0.0023269
1470.64	0.00253033
1471.14	0.002715
1471.64	0.00287957
1472.14	0.00302285
1472.64	0.00314381
1473.14	0.00324157
1473.64	0.00331543
1474.14	0.00336486
1474.64	0.00338951
1475.14	0.00338923
1475.64	0.00336404
1476.14	0.00331412
1476.64	0.00323988
1477.14	0.00314186
1477.64	0.0030208
1478.14	0.00287761
1478.64	0.00271336
1479.14	0.00252925
1479.64	0.00232666
1480.14	0.00210709
1480.64	0.00187216
1481.14	0.00162359
1481.64	0.00136324
1482.14	0.001093
1482.64	0.000814879
1483.14	0.000530916
1483.64	0.000243198
1484.14	-4.61587e-05
1484.64	-0.000335032
1485.14	-0.000621302
1485.64	-0.000902869
1486.14	-0.00117767
1486.64	-0.0014437
1487.14	-0.001699
1487.64	-0.00194172
1488.14	-0.00217007
1488.64	-0.0023824
1489.14	-0.00257715
1489.64	-0.00275291
1490.14	-0.0029084
1490.64	-0.0030425
1491.14	-0.00315423
1491.64	-0.00324279
1492.14	-0.00330754
1492.64	-0.00334804
1493.14	-0.00336398
1493.64	-0.00335529
1494.14	-0.00332202
1494.64	-0.00326446
1495.14	-0.00318302
1495.63	-0.00307834
1496.13	-0.00295119
1496.63	-0.00280251
1497.13	-0.00263342
1497.63	-0.00244517
1498.13	-0.00223915
1498.63	-0.00201688
1499.13	-0.00178002
1499.63	-0.0015303
1500.13	-0.00126957
1500.63	-0.000999739
1501.13	-0.000722804
1501.63	-0.000440799
1502.13	-0.000155795
1502.63	0.000130113
1503.13	0.000414829
1503.63	0.000696263
1504.13	0.000972352
1504.63	0.00124108
1505.13	0.00150047
1505.63	0.00174863
1506.13	0.00198374
1506.63	0.0022041
1507.13	0.00240809
1507.63	0.00259422
1508.13	0.00276115
1508.63	0.00290766
1509.13	0.00303269
1509.63	0.00313534
1510.13	0.00321487
1510.63	0.0032707
1511.13	0.00330246
1511.63	0.00330991
1512.13	0.00329302
1512.63	0.00325193
1513.13	0.00318697
1513.63	0.00309861
1514.13	0.00298753
1514.63	0.00285455
1515.13	0.00270067
1515.63	0.00252702
1516.13	0.00233491
1516.63	0.00212574
1517.13	0.00190106
1517.63	0.00166253
1518.13	0.00141192
1518.63	0.00115107
1519.13	0.000881892
1519.63	0.000606378
1520.13	0.000326549
1520.63	4.44623e-05
1521.13	-0.000237811
1521.63	-0.000518199
1522.13	-0.000794646
1522.63	-0.00106513
1523.13	-0.00132766
1523.63	-0.00158032
1524.13	-0.00182127
1524.63	-0.00204874
1525.13	-0.00226107
1525.63	-0.00245672
1526.13	-0.00263426
1526.63	-0.0027924
1527.13	-0.00292999
1527.63	-0.00304603
1528.13	-0.00313969
1528.63	-0.0032103
1529.13	-0.00325735
1529.63	-0.00328051
1530.13	-0.00327963
1530.63	-0.00325474
1531.13	-0.00320601
1531.63	-0.00313385
1532.13	-0.00303877
1532.63	-0.00292151
1533.13	-0.00278293
1533.63	-0.00262406
1534.13	-0.00244609
1534.63	-0.00225033
1535.13	-0.00203823
1535.63	-0.00181135
1536.13	-0.00157138
1536.62	-0.00132007
1537.12	-0.00105929
1537.62	-0.000790948
1538.12	-0.000517021
1538.62	-0.000239522
1539.12	3.9509e-05
1539.62	0.000318025
1540.12	0.000593983
1540.62	0.000865359
1541.12	0.00113016
1541.62	0.00138646
1542.12	0.00163238
1542.62	0.00186611
1543.12	0.00208595
1543.62	0.0022903
1544.12	0.00247767
1544.62	0.0026467
1545.12	0.00279615
1545.62	0.00292494
1546.12	0.00303215
1546.62	0.00311699
1547.12	0.00317886
1547.62	0.00321732
1548.12	0.00323211
1548.62	0.00322313
1549.12	0.00319046
1549.62	0.00313436
1550.12	0.00305525
1550.62	0.00295374
1551.12	0.00283057
1551.62	0.00268667
1552.12	0.0025231
1552.62	0.00234109
1553.12	0.00214197
1553.62	0.00192722
1554.12	0.00169843
1554.62	0.00145728
1555.12	0.00120555
1555.62	0.000945095
1556.12	0.000677832
1556.62	0.000405726
1557.12	0.000130778
1557.62	-0.000144994
1558.12	-0.000419565
1558.62	-0.000690921
1559.12	-0.000957072
1559.62	-0.00121607
1560.12	-0.00146602
1560.62	-0.00170509
1561.12	-0.00193153
1561.62	-0.0021437
1562.12	-0.00234004
1562.62	-0.00251912
1563.12	-0.00267964
1563.62	-0.00282043
1564.12	-0.00294047
1564.62	-0.0030389
1565.12	-0.00311501
1565.62	-0.00316825
1566.12	-0.00319824
1566.62	-0.00320478
1567.12	-0.00318784
1567.62	-0.00314756
1568.12	-0.00308425
1568.62	-0.00299838
1569.12	-0.0028906
1569.62	-0.00276171
1570.12	-0.00261268
1570.62	-0.00244461
1571.12	-0.00225874
1571.62	-0.00205646
1572.12	-0.00183925
1572.62	-0.00160872
1573.12	-0.00136656
1573.62	-0.00111457
1574.12	-0.000854601
1574.62	-0.000588559
1575.12	-0.000318404
1575.62	-4.61191e-05
1576.12	0.000226295
1576.62	0.00049684
1577.12	0.000763531
1577.61	0.00102442
1578.11	0.00127758
1578.61	0.00152118
1579.11	0.00175342
1579.61	0.00197261
1580.11	0.00217716
1580.61	0.00236556
1581.11	0.00253645
1581.61	0.00268859
1582.11	0.00282086
1582.61	0.00293232
1583.11	0.00302215
1583.61	0.00308972
1584.11	0.00313454
1584.61	0.00315629
1585.11	0.00315484
1585.61	0.00313019
1586.11	0.00308257
1586.61	0.00301231
1587.11	0.00291997
1587.61	0.00280622
1588.11	0.00267191
1588.61	0.00251806
1589.11	0.00234578
1589.61	0.00215637
1590.11	0.00195122
1590.61	0.00173185
1591.11	0.00149987
1591.61	0.001257
1592.11	0.00100502
1592.61	0.000745799
1593.11	0.000481232
1593.61	0.000213267
1594.11	-5.61277e-05
1594.61	-0.000324974
1595.11	-0.000591299
1595.61	-0.00085315
1596.11	-0.00110861
1596.61	-0.0013558
1597.11	-0.00159293
1597.61	-0.00181825
1598.11	-0.00203011
1598.61	-0.00222698
1599.11	-0.00240741
1599.61	-0.0025701
1600.11	-0.00271386
1600.61	-0.00283764
1601.11	-0.00294055
1601.61	-0.00302185
1602.11	-0.00308095
1602.61	-0.00311744
1603.11	-0.00313107
1603.61	-0.00312173
1604.11	-0.00308952
1604.61	-0.0030347
1605.11	-0.00295766
1605.61	-0.002859
1606.11	-0.00273945
1606.61	-0.0025999
1607.11	-0.00244139
1607.61	-0.00226508
1608.11	-0.0020723
1608.61	-0.00186445
1609.11	-0.00164308
1609.61	-0.00140982
1610.11	-0.00116639
1610.61	-0.000914569
1611.11	-0.000656224
1611.61	-0.00039325
1612.11	-0.00012758
1612.61	0.000138836
1613.11	0.000404041
1613.61	0.000666091
1614.11	0.000923066
1614.61	0.00117308
1615.11	0.00141431
1615.61	0.00164499
1616.11	0.00186342
1616.61	0.00206803
1617.11	0.0022573
1617.61	0.00242987
1618.11	0.00258448
1618.6	0.00272001
1619.1	0.00283546
1619.6	0.00293002
1620.1	0.00300299
1620.6	0.00305386
1621.1	0.00308226
1621.6	0.003088
1622.1	0.00307106
1622.6	0.00303157
1623.1	0.00296983
1623.6	0.00288631
1624.1	0.00278165
1624.6	0.00265661
1625.1	0.00251214
1625.6	0.00234929
1626.1	0.00216929
1626.6	0.00197345
1627.1	0.00176323
1627.6	0.00154018
1628.1	0.00130594
1628.6	0.00106224
1629.1	0.000810877
1629.6	0.000553693
1630.1	0.000292582
1630.6	2.94637e-05
1631.1	-0.000233731
1631.6	-0.000495071
1632.1	-0.000752639
1632.6	-0.00100455
1633.1	-0.00124895
1633.6	-0.00148406
1634.1	-0.00170815
1634.6	-0.0019196
1635.1	-0.00211685
1635.6	-0.00229846
1636.1	-0.00246312
1636.6	-0.00260962
1637.1	-0.0027369
1637.6	-0.00284404
1638.1	-0.00293027
1638.6	-0.00299496
1639.1	-0.00303765
1639.6	-0.00305804
1640.1	-0.003056
1640.6	-0.00303155
1641.1	-0.00298489
1641.6	-0.00291638
1642.1	-0.00282652
1642.6	-0.002716
1643.1	-0.00258562
1643.6	-0.00243638
1644.1	-0.00226936
1644.6	-0.00208581
1645.1	-0.00188708
1645.6	-0.00167464
1646.1	-0.00145005
1646.6	-0.00121498
1647.1	-0.000971152
1647.6	-0.000720362
1648.1	-0.000464452
1648.6	-0.000205306
1649.1	5.51749e-05
1649.6	0.000315078
1650.1	0.000572496
1650.6	0.000825543
1651.1	0.00107236
1651.6	0.00131115
1652.1	0.00154016
1652.6	0.00175771
1653.1	0.00196223
1653.6	0.0021522
1654.1	0.00232625
1654.6	0.00248312
1655.1	0.00262165
1655.6	0.00274085
1656.1	0.00283986
1656.6	0.00291795
1657.1	0.00297457
1657.6	0.00300932
1658.1	0.00302195
1658.6	0.00301239
1659.09	0.00298072
1659.59	0.00292718
1660.09	0.00285218
1660.59	0.00275629
1661.09	0.00264022
1661.59	0.00250484
1662.09	0.00235114
1662.59	0.00218028
1663.09	0.00199351
1663.59	0.00179221
1664.09	0.00157788
1664.59	0.00135208
1665.09	0.00111649
1665.59	0.000872838
1666.09	0.00062292
1666.59	0.000368572
1667.09	0.000111664
1667.59	-0.000145918
1668.09	-0.000402282
1668.59	-0.000655548
1669.09	-0.00090386
1669.59	-0.0011454
1670.09	-0.00137839
1670.59	-0.00160114
1671.09	-0.00181201
1671.59	-0.00200947
1672.09	-0.00219207
1672.59	-0.00235848
1673.09	-0.00250749
1673.59	-0.00263801
1674.09	-0.00274911
1674.59	-0.00283997
1675.09	-0.00290995
1675.59	-0.00295853
1676.09	-0.00298538
1676.59	-0.00299031
1677.09	-0.0029733
1677.59	-0.00293449
1678.09	-0.00287417
1678.59	-0.0027928
1679.09	-0.00269099
1679.59	-0.0025695
1680.09	-0.00242923
1680.59	-0.00227121
1681.09	-0.00209664
1681.59	-0.00190678
1682.09	-0.00170305
1682.59	-0.00148694
1683.09	-0.00126005
1683.59	-0.00102406
1684.09	-0.000780695
1684.59	-0.000531747
1685.09	-0.000279048
1685.59	-2.44536e-05
1686.09	0.000230167
1686.59	0.000482946
1687.09	0.000732029
1687.59	0.000975591
1688.09	0.00121185
1688.59	0.00143907
1689.09	0.0016556
1689.59	0.00185985
1690.09	0.00205032
1690.59	0.00222564
1691.09	0.00238453
1691.59	0.00252582
1692.09	0.00264849
1692.59	0.00275166
1693.09	0.00283457
1693.59	0.00289663
1694.09	0.0029374
1694.59	0.0029566
1695.09	0.00295408
1695.59	0.00292989
1696.09	0.00288422
1696.59	0.00281741
1697.09	0.00272997
1697.59	0.00262255
1698.09	0.00249594
1698.59	0.0023511
1699.09	0.0021891
1699.59	0.00201113
1700.08	0.00181851
1700.58	0.00161266
1701.08	0.0013951
1701.58	0.00116744
1702.08	0.000931346
1702.58	0.000688562
1703.08	0.000440873
1703.58	0.000190098
1704.08	-6.19185e-05
1704.58	-0.000313328
1705.08	-0.000562285
1705.58	-0.000806964
1706.08	-0.00104557
1706.58	-0.00127636
1707.08	-0.00149764
1707.58	-0.0017078
1708.08	-0.00190529
1708.58	-0.00208868
1709.08	-0.00225663
1709.58	-0.00240791
1710.08	-0.00254142
1710.58	-0.0026562
1711.08	-0.00275141
1711.58	-0.00282637
1712.08	-0.00288054
1712.58	-0.00291352
1713.08	-0.0029251
1713.58	-0.0029152
1714.08	-0.0028839
1714.58	-0.00283144
1715.08	-0.00275823
1715.58	-0.00266481
1716.08	-0.00255189
1716.58	-0.00242029
1717.08	-0.00227099
1717.58	-0.00210511
1718.08	-0.00192386
1718.58	-0.00172859
1719.08	-0.00152074
1719.58	-0.00130184
1720.08	-0.0010735
1720.58	-0.000837404
1721.08	-0.000595288
1721.58	-0.000348933
1722.08	-0.000100148
1722.58	0.000149239
1723.08	0.000397399
1723.58	0.000642512
1724.08	0.00088278
1724.58	0.00111644
1725.08	0.00134179
1725.58	0.00155718
1726.08	0.00176102
1726.58	0.00195184
1727.08	0.00212824
1727.58	0.00228893
1728.08	0.00243275
1728.58	0.00255865
1729.08	0.00266571
1729.58	0.00275316
1730.08	0.00282037
1730.58	0.00286686
1731.08	0.0028923
1731.58	0.00289652
1732.08	0.0028795
1732.58	0.00284137
1733.08	0.00278242
1733.58	0.00270311
1734.08	0.00260402
1734.58	0.0024859
1735.08	0.00234962
1735.58	0.00219619
1736.08	0.00202675
1736.58	0.00184255
1737.08	0.00164496
1737.58	0.00143542
1738.08	0.00121549
1738.58	0.000986783
1739.08	0.000750983
1739.58	0.000509826
1740.08	0.000265084
1740.58	1.85565e-05
1741.07	-0.000227947
1741.57	-0.000472618
1742.07	-0.000713661
1742.57	-0.00094931
1743.07	-0.00117784
1743.57	-0.00139757
1744.07	-0.0016069
1744.57	-0.0018043
1745.07	-0.00198833
1745.57	-0.00215764
1746.07	-0.00231099
1746.57	-0.00244728
1747.07	-0.00256552
1747.57	-0.00266483
1748.07	-0.00274451
1748.57	-0.00280399
1749.07	-0.00284283
1749.57	-0.00286076
1750.07	-0.00285767
1750.57	-0.00283359
1751.07	-0.00278871
1751.57	-0.00272336
1752.07	-0.00263804
1752.57	-0.00253339
1753.07	-0.00241018
1753.57	-0.00226933
1754.07	-0.00211189
1754.57	-0.00193901
1755.07	-0.00175198
1755.57	-0.00155217
1756.07	-0.00134106
1756.57	-0.0011202
1757.07	-0.000891224
1757.57	-0.000655811
1758.07	-0.000415694
1758.57	-0.000172637
1759.07	7.1576e-05
1759.57	0.000315151
1760.07	0.000556302
1760.57	0.000793261
1761.07	0.00102429
1761.57	0.0012477
1762.07	0.00146185
1762.57	0.00166519
1763.07	0.00185621
1763.57	0.00203354
1764.07	0.00219587
1764.57	0.00234202
1765.07	0.00247093
1765.57	0.00258166
1766.07	0.00267342
1766.57	0.00274553
1767.07	0.00279748
1767.57	0.00282891
1768.07	0.00283958
1768.57	0.00282945
1769.07	0.00279858
1769.57	0.00274723
1770.07	0.00267577
1770.57	0.00258475
1771.07	0.00247484
1771.57	0.00234687
1772.07	0.00220177
1772.57	0.00204063
1773.07	0.00186464
1773.57	0.0016751
1774.07	0.0014734
1774.57	0.00126103
1775.07	0.00103956
1775.57	0.000810617
1776.07	0.000575887
1776.57	0.000337096
1777.07	9.59972e-05
1777.57	-0.000145638
1778.07	-0.000386036
1778.57	-0.000623433
1779.07	-0.000856089
1779.57	-0.0010823
1780.07	-0.00130041
1780.57	-0.00150881
1781.07	-0.001706
1781.57	-0.00189052
1782.06	-0.00206103
1782.56	-0.00221629
1783.06	-0.00235516
1783.56	-0.00247664
1784.06	-0.00257984
1784.56	-0.00266401
1785.06	-0.00272855
1785.56	-0.002773
1786.06	-0.00279704
1786.56	-0.00280051
1787.06	-0.00278338
1787.56	-0.0027458
1788.06	-0.00268806
1788.56	-0.00261059
1789.06	-0.00251397
1789.56	-0.00239892
1790.06	-0.00226629
1790.56	-0.00211707
1791.06	-0.00195235
1791.56	-0.00177337
1792.06	-0.00158143
1792.56	-0.00137796
1793.06	-0.00116445
1793.56	-0.000942475
1794.06	-0.000713671
1794.56	-0.000479718
1795.06	-0.000242337
1795.56	-3.27134e-06
1796.06	0.000235725
1796.56	0.000472897
1797.06	0.000706507
1797.56	0.000934841
1798.06	0.00115623
1798.56	0.00136905
1799.06	0.00157174
1799.56	0.00176283
1800.06	0.00194092
1800.56	0.0021047
1801.06	0.00225299
1801.56	0.0023847
1802.06	0.00249889
1802.56	0.00259471
1803.06	0.00267148
1803.56	0.00272865
1804.06	0.0027658
1804.56	0.00278268
1805.06	0.00277917
1805.56	0.00275531
1806.06	0.00271128
1806.56	0.00264743
1807.06	0.00256422
1807.56	0.00246229
1808.06	0.00234239
1808.56	0.00220541
1809.06	0.00205236
1809.56	0.00188439
1810.06	0.00170272
1810.56	0.0015087
1811.06	0.00130375
1811.56	0.0010894
1812.06	0.000867221
1812.56	0.000638842
1813.06	0.000405946
1813.56	0.000170244
1814.06	-6.65318e-05
1814.56	-0.000302644
1815.06	-0.000536359
1815.56	-0.000765964
1816.06	-0.000989776
1816.56	-0.00120616
1817.06	-0.00141352
1817.56	-0.00161035
1818.06	-0.00179521
1818.56	-0.00196674
1819.06	-0.0021237
1819.56	-0.00226495
1820.06	-0.00238945
1820.56	-0.0024963
1821.06	-0.00258472
1821.56	-0.00265408
1822.06	-0.00270388
1822.56	-0.00273376
1823.05	-0.00274352
1823.55	-0.00273309
1824.05	-0.00270256
1824.55	-0.00265217
1825.05	-0.00258229
1825.55	-0.00249346
1826.05	-0.00238633
1826.55	-0.00226169
1827.05	-0.00212048
1827.55	-0.00196374
1828.05	-0.00179262
1828.55	-0.00160839
1829.05	-0.00141241
1829.55	-0.00120613
1830.05	-0.000991054
1830.55	-0.000768777
1831.05	-0.00054093
1831.55	-0.000309189
1832.05	-7.52562e-05
1832.55	0.000159151
1833.05	0.000392312
1833.55	0.000622516
1834.05	0.000848076
1834.55	0.00106734
1835.05	0.0012787
1835.55	0.00148061
1836.05	0.0016716
1836.55	0.00185027
1837.05	0.00201531
1837.55	0.00216552
1838.05	0.00229982
1838.55	0.00241721
1839.05	0.00251685
1839.55	0.00259801
1840.05	0.00266012
1840.55	0.00270273
1841.05	0.00272552
1841.55	0.00272836
1842.05	0.00271123
1842.55	0.00267426
1843.05	0.00261773
1843.55	0.00254208
1844.05	0.00244787
1844.55	0.00233579
1845.05	0.00220669
1845.55	0.00206152
1846.05	0.00190135
1846.55	0.00172736
1847.05	0.00154085
1847.55	0.00134318
1848.05	0.00113582
1848.55	0.000920282
1849.05	0.000698163
1849.55	0.000471094
1850.05	0.000240744
1850.55	8.80547e-06
1851.05	-0.000223019
1851.55	-0.000453029
1852.05	-0.000679535
1852.55	-0.00090088
1853.05	-0.00111544
1853.55	-0.00132164
1854.05	-0.00151798
1854.55	-0.00170303
1855.05	-0.00187542
1855.55	-0.0020339
1856.05	-0.00217731
1856.55	-0.00230461
1857.05	-0.00241488
1857.55	-0.00250732
1858.05	-0.00258125
1858.55	-0.00263614
1859.05	-0.00267161
1859.55	-0.00268739
1860.05	-0.00268339
1860.55	-0.00265965
1861.05	-0.00261635
1861.55	-0.00255381
1862.05	-0.00247252
1862.55	-0.00237307
1863.05	-0.0022562
1863.55	-0.00212278
1864.04	-0.00197381
1864.54	-0.00181037
1865.04	-0.00163368
1865.54	-0.00144505
1866.04	-0.00124585
1866.54	-0.00103757
1867.04	-0.000821727
1867.54	-0.000599917
1868.04	-0.00037377
1868.54	-0.000144947
1869.04	8.48705e-05
1869.54	0.000313996
1870.04	0.000540749
1870.54	0.000763465
1871.04	0.000980514
1871.54	0.0011903
1872.04	0.0013913
1872.54	0.00158203
1873.04	0.00176111
1873.54	0.00192721
1874.04	0.00207914
1874.54	0.00221578
1875.04	0.00233614
1875.54	0.00243935
1876.04	0.00252465
1876.54	0.00259143
1877.04	0.00263921
1877.54	0.00266765
1878.04	0.00267655
1878.54	0.00266585
1879.04	0.00263565
1879.54	0.00258617
1880.04	0.0025178
1880.54	0.00243103
1881.04	0.00232652
1881.54	0.00220504
1882.04	0.0020675
1882.54	0.00191491
1883.04	0.00174839
1883.54	0.00156919
1884.04	0.00137861
1884.54	0.00117807
1885.04	0.000969039
1885.54	0.000753057
1886.04	0.000531713
1886.54	0.000306634
1887.04	7.9472e-05
1887.54	-0.000148104
1888.04	-0.000374423
1888.54	-0.000597826
1889.04	-0.000816676
1889.54	-0.00102937
1890.04	-0.00123435
1890.54	-0.00143011
1891.04	-0.00161523
1891.54	-0.00178835
1892.04	-0.0019482
1892.54	-0.00209363
1893.04	-0.00222358
1893.54	-0.00233708
1894.04	-0.00243334
1894.54	-0.00251163
1895.04	-0.00257141
1895.54	-0.00261225
1896.04	-0.00263384
1896.54	-0.00263606
1897.04	-0.00261888
1897.54	-0.00258245
1898.04	-0.00252704
1898.54	-0.00245307
1899.04	-0.0023611
1899.54	-0.00225181
1900.04	-0.00212601
1900.54	-0.00198463
1901.04	-0.00182872
1901.54	-0.00165943
1902.04	-0.00147801
1902.54	-0.0012858
1903.04	-0.00108421
1903.54	-0.000874738
1904.04	-0.000658916
1904.54	-0.000438334
1905.03	-0.000214613
1905.53	1.0602e-05
1906.03	0.000235658
1906.53	0.000458903
1907.03	0.000678698
1907.53	0.000893433
1908.03	0.00110153
1908.53	0.00130147
1909.03	0.00149179
1909.53	0.0016711
1910.03	0.00183808
1910.53	0.00199151
1911.03	0.00213028
1911.53	0.00225338
1912.03	0.0023599
1912.53	0.00244908
1913.03	0.00252026
1913.53	0.00257295
1914.03	0.00260675
1914.53	0.00262143
1915.03	0.00261689
1915.53	0.00259317
1916.03	0.00255046
1916.53	0.00248908
1917.03	0.00240949
1917.53	0.00231227
1918.03	0.00219817
1918.53	0.00206801
1919.03	0.00192276
1919.53	0.0017635
1920.03	0.00159139
1920.53	0.00140772
1921.03	0.00121382
1921.53	0.00101114
1922.03	0.000801154
1922.53	0.000585414
1923.03	0.000365504
1923.53	0.000143038
1924.03	-8.03497e-05
1924.53	-0.000303021
1925.03	-0.000523343
1925.53	-0.0007397
1926.03	-0.000950509
1926.53	-0.00115423
1927.03	-0.00134936
1927.53	-0.00153448
1928.03	-0.00170825
1928.53	-0.00186938
1929.03	-0.00201671
1929.53	-0.00214916
1930.03	-0.00226577
1930.53	-0.00236569
1931.03	-0.0024482
1931.53	-0.0025127
1932.03	-0.00255873
1932.53	-0.00258596
1933.03	-0.00259421
1933.53	-0.00258343
1934.03	-0.00255369
1934.53	-0.00250524
1935.03	-0.00243844
1935.53	-0.00235379
1936.03	-0.00225192
1936.53	-0.00213359
1937.03	-0.00199968
1937.53	-0.00185118
1938.03	-0.00168918
1938.53	-0.00151489
1939.03	-0.00132959
1939.53	-0.00113465
1940.03	-0.000931503
1940.53	-0.000721646
1941.03	-0.000506625
1941.53	-0.000288021
1942.03	-6.74409e-05
1942.53	0.000153493
1943.03	0.000373159
1943.53	0.000589944
1944.03	0.000802257
1944.53	0.00100854
1945.03	0.00120729
1945.53	0.00139703
1946.02	0.00157639
1946.52	0.00174406
1947.02	0.0018988
1947.52	0.00203948
1948.02	0.00216509
1948.52	0.0022747
1949.02	0.00236752
1949.52	0.00244286
1950.02	0.0025002
1950.52	0.00253911
1951.02	0.00255932
1951.52	0.00256068
1952.02	0.0025432
1952.52	0.00250701
1953.02	0.00245239
1953.52	0.00237973
1954.02	0.0022896
1954.52	0.00218265
1955.02	0.00205967
1955.52	0.00192158
1956.02	0.00176939
1956.52	0.00160423
1957.02	0.00142732
1957.52	0.00123995
1958.02	0.00104351
1958.52	0.000839439
1959.02	0.000629239
1959.52	0.000414453
1960.02	0.00019666
1960.52	-2.25436e-05
1961.02	-0.000241549
1961.52	-0.000458751
1962.02	-0.000672557
1962.52	-0.000881403
1963.02	-0.00108376
1963.52	-0.00127815
1964.02	-0.00146314
1964.52	-0.0016374
1965.02	-0.00179964
1965.52	-0.00194869
1966.02	-0.00208345
1966.52	-0.00220295
1967.02	-0.00230632
1967.52	-0.00239281
1968.02	-0.0024618
1968.52	-0.0025128
1969.02	-0.00254542
1969.52	-0.00255946
1970.02	-0.00255481
1970.52	-0.00253153
1971.02	-0.00248979
1971.52	-0.00242991
1972.02	-0.00235234
1972.52	-0.00225767
1973.02	-0.00214659
1973.52	-0.00201993
1974.02	-0.00187863
1974.52	-0.00172373
1975.02	-0.00155639
1975.52	-0.00137783
1976.02	-0.00118938
1976.52	-0.000992421
1977.02	-0.000788407
1977.52	-0.000578841
1978.02	-0.000365263
1978.52	-0.000149245
1979.02	6.76244e-05
1979.52	0.000283753
1980.02	0.000497552
1980.52	0.000707455
1981.02	0.000911919
1981.52	0.00110945
1982.02	0.00129859
1982.52	0.00147797
1983.02	0.00164626
1983.52	0.00180224
1984.02	0.00194476
1984.52	0.0020728
1985.02	0.00218541
1985.52	0.00228177
1986.02	0.00236118
1986.52	0.00242307
1987.01	0.00246699
1987.51	0.00249263
1988.01	0.00249981
1988.51	0.00248848
1989.01	0.00245873
1989.51	0.00241079
1990.01	0.00234502
1990.51	0.0022619
1991.01	0.00216207
1991.51	0.00204625
1992.01	0.00191531
1992.51	0.00177021
1993.01	0.00161202
1993.51	0.00144192
1994.01	0.00126114
1994.51	0.00107103
1995.01	0.000872976
1995.51	0.000668444
1996.01	0.000458934
1996.51	0.000245986
1997.01	3.1162e-05
1997.51	-0.00018396
1998.01	-0.000397803
1998.51	-0.000608799
1999.01	-0.000815401
1999.51	-0.0010161
2000.01	-0.00120942
2000.51	-0.00139395
2001.01	-0.00156834
2001.51	-0.00173131
2002.01	-0.00188169
2002.51	-0.00201836
2003.01	-0.00214034
2003.51	-0.00224674
2004.01	-0.00233678
2004.51	-0.00240981
2005.01	-0.00246531
2005.51	-0.00250288
2006.01	-0.00252225
2006.51	-0.00252329
2007.01	-0.002506
2007.51	-0.00247052
2008.01	-0.00241711
2008.51	-0.00234618
2009.01	-0.00225826
2009.51	-0.002154
2010.01	-0.00203418
2010.51	-0.00189967
2011.01	-0.00175149
2011.51	-0.00159071
2012.01	-0.00141854
2012.51	-0.00123623
2013.01	-0.00104513
2013.51	-0.000846643
2014.01	-0.000642235
2014.51	-0.000433408
2015.01	-0.000221694
2015.51	-8.65035e-06
2016.01	0.00020416
2016.51	0.000415176
2017.01	0.00062285
2017.51	0.000825659
2018.01	0.00102212
2018.51	0.00121079
2019.01	0.00139029
2019.51	0.00155931
2020.01	0.00171662
2020.51	0.00186106
2021.01	0.00199158
2021.51	0.00210723
2022.01	0.00220718
2022.51	0.00229069
2023.01	0.00235717
2023.51	0.00240612
2024.01	0.00243721
2024.51	0.00245022
2025.01	0.00244505
2025.51	0.00242176
2026.01	0.00238052
2026.51	0.00232166
2027.01	0.0022456
2027.51	0.00215292
2028	0.00204431
2028.5	0.00192057
2029	0.00178262
2029.5	0.00163148
2030	0.00146827
2030.5	0.00129418
2031	0.00111051
2031.5	0.000918613
2032	0.000719893
2032.5	0.000515817
2033	0.000307886
2033.5	9.76297e-05
2034	-0.000113407
2034.5	-0.000323674
2035	-0.000531628
2035.5	-0.000735742
2036	-0.000934519
2036.5	-0.0011265
2037	-0.00131028
2037.5	-0.00148452
2038	-0.00164793
2038.5	-0.00179933
2039	-0.0019376
2039.5	-0.00206174
2040	-0.00217084
2040.5	-0.00226411
2041	-0.00234087
2041.5	-0.00240056
2042	-0.00244276
2042.5	-0.00246715
2043	-0.00247357
2043.5	-0.00246198
2044	-0.00243247
2044.5	-0.00238526
2045	-0.00232071
2045.5	-0.00223931
2046	-0.00214165
2046.5	-0.00202845
2047	-0.00190056
2047.5	-0.00175892
2048	-0.00160457
