1	0.136598
1.49988	0.132594
1.99976	0.127034
2.49963	0.119964
2.99951	0.111444
3.49939	0.101542
3.99927	0.09034
4.49915	0.0779305
4.99902	0.0644152
5.4989	0.0499051
5.99878	0.0345191
6.49866	0.0183834
6.99853	0.00163006
7.49841	-0.0156038
7.99829	-0.0331773
8.49817	-0.0509471
8.99805	-0.0687683
9.49792	-0.086496
9.9978	-0.103986
10.4977	-0.121097
10.9976	-0.13769
11.4974	-0.153631
11.9973	-0.168792
12.4972	-0.183051
12.9971	-0.196294
13.4969	-0.208416
13.9968	-0.219321
14.4967	-0.228923
14.9966	-0.237146
15.4965	-0.243927
15.9963	-0.249215
16.4962	-0.25297
16.9961	-0.255165
17.496	-0.255786
17.9958	-0.254831
18.4957	-0.252313
18.9956	-0.248254
19.4955	-0.242691
19.9954	-0.235673
20.4952	-0.227259
20.9951	-0.21752
21.495	-0.206535
21.9949	-0.194397
22.4947	-0.181203
22.9946	-0.167061
23.4945	-0.152085
23.9944	-0.136393
24.4943	-0.120111
24.9941	-0.103367
25.494	-0.0862922
25.9939	-0.0690183
26.4938	-0.0516787
26.9937	-0.0344056
27.4935	-0.0173295
27.9934	-0.000578079
28.4933	0.015725
28.9932	0.031461
29.493	0.046517
29.9929	0.0607869
30.4928	0.0741721
30.9927	0.0865825
31.4926	0.097937
31.9924	0.108164
32.4923	0.117203
32.9922	0.125002
33.4921	0.131523
33.9919	0.136735
34.4918	0.140623
34.9917	0.14318
35.4916	0.144411
35.9915	0.144332
36.4913	0.142971
36.9912	0.140365
37.4911	0.136561
37.991	0.131616
38.4908	0.125596
38.9907	0.118576
39.4906	0.110636
39.9905	0.101865
40.4904	0.0923573
40.9902	0.0822111
41.4901	0.0715295
41.99	0.0604186
42.4899	0.0489863
42.9897	0.0373419
43.4896	0.0255945
43.9895	0.0138527
44.4894	0.00222307
44.9893	-0.00919047
45.4891	-0.0202876
45.989	-0.0309724
46.4889	-0.0411542
46.9888	-0.0507485
47.4886	-0.0596771
47.9885	-0.0678695
48.4884	-0.0752628
48.9883	-0.0818023
49.4882	-0.0874421
49.988	-0.0921452
50.4879	-0.0958839
50.9878	-0.0986397
51.4877	-0.100403
51.9875	-0.101175
52.4874	-0.100964
52.9873	-0.0997896
53.4872	-0.0976776
53.9871	-0.0946638
54.4869	-0.0907914
54.9868	-0.086111
55.4867	-0.0806801
55.9866	-0.0745622
56.4864	-0.0678264
56.9863	-0.0605467
57.4862	-0.052801
57.9861	-0.0446705
58.486	-0.036239
58.9858	-0.0275917
59.4857	-0.0188149
59.9856	-0.00999466
60.4855	-0.00121641
60.9853	0.00743609
61.4852	0.0158814
61.9851	0.0240413
62.485	0.0318412
62.9849	0.0392111
63.4847	0.046086
63.9846	0.0524065
64.4845	0.0581194
64.9844	0.0631779
65.4842	0.0675424
65.9841	0.07118
66.484	0.0740657
66.9839	0.0761818
67.4838	0.0775183
67.9836	0.0780729
68.4835	0.0778508
68.9834	0.0768647
69.4833	0.0751345
69.9832	0.0726869
70.483	0.0695555
70.9829	0.0657799
71.4828	0.0614055
71.9827	0.0564829
72.4825	0.0510674
72.9824	0.0452185
73.4823	0.0389991
73.9822	0.0324749
74.4821	0.0257139
74.9819	0.0187855
75.4818	0.01176
75.9817	0.00470754
76.4816	-0.00230203
76.9814	-0.00920022
77.4813	-0.0159204
77.9812	-0.0223986
78.4811	-0.0285737
78.981	-0.0343885
79.4808	-0.0397899
79.9807	-0.0447295
80.4806	-0.0491638
80.9805	-0.0530551
81.4803	-0.0563711
81.9802	-0.0590857
82.4801	-0.0611791
82.98	-0.0626376
83.4799	-0.0634541
83.9797	-0.0636277
84.4796	-0.063164
84.9795	-0.0620748
85.4794	-0.0603779
85.9792	-0.0580969
86.4791	-0.0552609
86.979	-0.0519043
87.4789	-0.0480661
87.9788	-0.0437896
88.4786	-0.0391223
88.9785	-0.0341147
89.4784	-0.0288203
89.9783	-0.0232949
90.4781	-0.017596
90.978	-0.0117822
91.4779	-0.00591263
91.9778	-4.63732e-05
92.4777	0.0057581
92.9775	0.0114435
93.4774	0.0169544
93.9773	0.0222376
94.4772	0.0272426
94.977	0.0319223
95.4769	0.0362333
95.9768	0.0401361
96.4767	0.0435959
96.9766	0.0465825
97.4764	0.0490708
97.9763	0.0510407
98.4762	0.0524776
98.9761	0.0533725
99.4759	0.0537215
99.9758	0.0535266
100.476	0.0527949
100.976	0.0515388
101.475	0.0497761
101.975	0.0475291
102.475	0.0448251
102.975	0.0416953
103.475	0.0381752
103.975	0.0343038
104.475	0.0301231
104.975	0.025678
105.474	0.0210155
105.974	0.0161845
106.474	0.0112349
106.974	0.0062176
107.474	0.00118356
107.974	-0.00381647
108.474	-0.00873257
108.974	-0.0135161
109.474	-0.01812
109.973	-0.0224998
110.473	-0.0266133
110.973	-0.0304215
111.473	-0.0338887
111.973	-0.0369831
112.473	-0.0396767
112.973	-0.0419459
113.473	-0.0437714
113.972	-0.0451388
114.472	-0.0460381
114.972	-0.0464643
115.472	-0.046417
115.972	-0.0459008
116.472	-0.0449248
116.972	-0.0435027
117.472	-0.0416524
117.971	-0.0393963
118.471	-0.0367603
118.971	-0.0337743
119.471	-0.0304712
119.971	-0.0268869
120.471	-0.0230598
120.971	-0.0190306
121.471	-0.0148415
121.97	-0.0105361
122.47	-0.00615881
122.97	-0.00175433
123.47	0.00263261
123.97	0.00695785
124.47	0.0111782
124.97	0.0152519
125.47	0.0191388
125.969	0.0228012
126.469	0.0262039
126.969	0.0293143
127.469	0.0321035
127.969	0.0345455
128.469	0.0366184
128.969	0.0383041
129.469	0.0395884
129.968	0.0404613
130.468	0.0409172
130.968	0.0409545
131.468	0.0405761
131.968	0.0397888
132.468	0.0386036
132.968	0.0370355
133.468	0.0351032
133.968	0.0328288
134.467	0.030238
134.967	0.0273593
135.467	0.0242238
135.967	0.0208652
136.467	0.0173192
136.967	0.0136229
137.467	0.00981498
137.967	0.0059347
138.466	0.00202192
138.966	-0.00188348
139.466	-0.00574199
139.966	-0.00951484
140.466	-0.0131644
140.966	-0.0166545
141.466	-0.0199509
141.966	-0.0230215
142.465	-0.0258368
142.965	-0.02837
143.465	-0.0305973
143.965	-0.0324982
144.465	-0.0340557
144.965	-0.0352563
145.465	-0.0360903
145.965	-0.0365517
146.464	-0.0366383
146.964	-0.0363517
147.464	-0.0356973
147.964	-0.0346843
148.464	-0.0333253
148.964	-0.0316364
149.464	-0.0296368
149.964	-0.0273491
150.463	-0.0247982
150.963	-0.0220117
151.463	-0.0190196
151.963	-0.0158535
152.463	-0.0125467
152.963	-0.00913371
153.463	-0.00564984
153.963	-0.00213095
154.463	0.00138701
154.962	0.0048683
155.462	0.00827778
155.962	0.0115813
156.462	0.0147459
156.962	0.0177404
157.462	0.0205353
157.962	0.0231036
158.462	0.0254205
158.961	0.027464
159.461	0.0292152
159.961	0.0306579
160.461	0.0317794
160.961	0.0325704
161.461	0.0330247
161.961	0.0331398
162.461	0.0329166
162.96	0.0323595
163.46	0.0314761
163.96	0.0302773
164.46	0.0287774
164.96	0.0269932
165.46	0.0249447
165.96	0.0226543
166.46	0.0201467
166.959	0.0174487
167.459	0.0145889
167.959	0.0115974
168.459	0.00850532
168.959	0.00534475
169.459	0.00214824
169.959	-0.00105146
170.459	-0.00422177
170.958	-0.00733059
171.458	-0.0103466
171.958	-0.0132397
172.458	-0.0159812
172.958	-0.0185439
173.458	-0.0209028
173.958	-0.0230351
174.458	-0.0249203
174.958	-0.0265406
175.457	-0.0278811
175.957	-0.0289297
176.457	-0.0296772
176.957	-0.0301179
177.457	-0.0302489
177.957	-0.0300706
178.457	-0.0295865
178.957	-0.0288033
179.456	-0.0277306
179.956	-0.0263809
180.456	-0.0247695
180.956	-0.0229142
181.456	-0.0208353
181.956	-0.0185552
182.456	-0.0160982
182.956	-0.0134902
183.455	-0.0107587
183.955	-0.00793222
184.455	-0.00504001
184.955	-0.0021119
185.455	0.000822064
185.955	0.00373195
186.455	0.00658823
186.955	0.00936207
187.454	0.0120256
187.954	0.0145524
188.454	0.0169172
188.954	0.0190969
189.454	0.0210703
189.954	0.0228182
190.454	0.024324
190.954	0.0255737
191.453	0.0265558
191.953	0.0272617
192.453	0.0276856
192.953	0.0278246
193.453	0.0276789
193.953	0.0272512
194.453	0.0265475
194.953	0.0255763
195.453	0.0243489
195.952	0.0228791
196.452	0.021183
196.952	0.0192793
197.452	0.0171882
197.952	0.0149321
198.452	0.0125349
198.952	0.0100216
199.452	0.00741855
199.951	0.00475267
200.451	0.00205151
200.951	-0.000657202
201.451	-0.0033458
201.951	-0.00598694
202.451	-0.00855391
202.951	-0.0110209
203.451	-0.0133632
203.95	-0.0155575
204.45	-0.0175821
204.95	-0.0194173
205.45	-0.0210451
205.95	-0.02245
206.45	-0.0236187
206.95	-0.0245405
207.45	-0.025207
207.949	-0.0256127
208.449	-0.0257547
208.949	-0.0256329
209.449	-0.0252496
209.949	-0.0246101
210.449	-0.0237221
210.949	-0.0225958
211.449	-0.0212439
211.948	-0.0196811
212.448	-0.0179246
212.948	-0.0159929
213.448	-0.0139069
213.948	-0.0116883
214.448	-0.00936056
214.948	-0.0069479
215.448	-0.00447534
215.947	-0.00196842
216.447	0.000547114
216.947	0.00304553
217.447	0.00550139
217.947	0.0078898
218.447	0.0101867
218.947	0.012369
219.447	0.014415
219.947	0.0163043
220.446	0.0180185
220.946	0.0195407
221.446	0.0208563
221.946	0.0219527
222.446	0.0228198
222.946	0.0234497
223.446	0.023837
223.946	0.0239789
224.445	0.023875
224.945	0.0235274
225.445	0.0229408
225.945	0.0221222
226.445	0.021081
226.945	0.0198288
227.445	0.0183793
227.945	0.0167482
228.444	0.0149529
228.944	0.0130126
229.444	0.0109476
229.944	0.00877969
230.444	0.00653135
230.944	0.00422593
231.444	0.00188724
231.944	-0.000460666
232.443	-0.00279376
232.943	-0.00508826
233.443	-0.00732089
233.943	-0.00946907
234.443	-0.0115112
234.943	-0.0134269
235.443	-0.0151971
235.943	-0.0168043
236.442	-0.0182328
236.942	-0.0194687
237.442	-0.0205002
237.942	-0.0213176
238.442	-0.0219135
238.942	-0.0222826
239.442	-0.0224222
239.942	-0.0223317
240.442	-0.0220131
240.941	-0.0214706
241.441	-0.0207105
241.941	-0.0197417
242.441	-0.0185747
242.941	-0.0172225
243.441	-0.0156996
243.941	-0.0140221
244.441	-0.012208
244.94	-0.0102763
245.44	-0.0082473
245.94	-0.00614207
246.44	-0.00398246
246.94	-0.00179078
247.44	0.000410424
247.94	0.00259861
248.44	0.00475145
248.939	0.00684707
249.439	0.00886426
249.939	0.0107827
250.439	0.0125832
250.939	0.0142478
251.439	0.01576
251.939	0.0171049
252.439	0.0182694
252.938	0.0192424
253.438	0.0200147
253.938	0.020579
254.438	0.0209306
254.938	0.0210665
255.438	0.0209863
255.938	0.0206917
256.438	0.0201863
256.937	0.0194764
257.437	0.0185698
257.937	0.0174767
258.437	0.016209
258.937	0.0147802
259.437	0.0132056
259.937	0.0115019
260.437	0.00968705
260.937	0.00777998
261.436	0.00580057
261.936	0.00376936
262.436	0.00170731
262.936	-0.000364354
263.436	-0.0024244
263.936	-0.0044518
264.436	-0.00642592
264.936	-0.00832678
265.435	-0.0101352
265.935	-0.011833
266.435	-0.0134032
266.935	-0.0148303
267.435	-0.0161002
267.935	-0.0172004
268.435	-0.0181204
268.935	-0.0188513
269.434	-0.0193865
269.934	-0.0197211
270.434	-0.0198524
270.934	-0.01978
271.434	-0.0195052
271.934	-0.0190316
272.434	-0.0183649
272.934	-0.0175124
273.433	-0.0164836
273.933	-0.0152898
274.433	-0.0139436
274.933	-0.0124595
275.433	-0.0108531
275.933	-0.00914133
276.433	-0.00734206
276.933	-0.00547403
277.432	-0.00355661
277.932	-0.0016096
278.432	0.000346955
278.932	0.002293
279.432	0.00420866
279.932	0.00607443
280.432	0.00787138
280.932	0.00958136
281.432	0.0111872
281.931	0.0126728
282.431	0.0140233
282.931	0.0152255
283.431	0.0162676
283.931	0.0171394
284.431	0.0178326
284.931	0.0183407
285.431	0.0186593
285.93	0.0187856
286.43	0.0187191
286.93	0.0184611
287.43	0.0180149
287.93	0.0173857
288.43	0.0165807
288.93	0.0156086
289.43	0.01448
289.929	0.0132069
290.429	0.011803
290.929	0.0102831
291.429	0.00866299
291.929	0.00695973
292.429	0.00519103
292.929	0.00337521
293.429	0.00153103
293.928	-0.000322538
294.428	-0.00216648
294.928	-0.00398193
295.428	-0.00575042
295.928	-0.00745398
296.428	-0.00907538
296.928	-0.0105983
297.428	-0.0120075
297.927	-0.0132889
298.427	-0.0144298
298.927	-0.0154189
299.427	-0.0162468
299.927	-0.0169054
300.427	-0.0173885
300.927	-0.0176918
301.427	-0.0178127
301.926	-0.0177507
302.426	-0.017507
302.926	-0.0170846
303.426	-0.0164884
303.926	-0.0157252
304.426	-0.0148034
304.926	-0.0137328
305.426	-0.0125249
305.926	-0.0111926
306.425	-0.00974983
306.925	-0.00821181
307.425	-0.00659459
307.925	-0.00491497
308.425	-0.00319037
308.925	-0.0014386
309.425	0.000322306
309.925	0.00207429
310.424	0.00379944
310.924	0.00548015
311.424	0.00709936
311.924	0.00864069
312.424	0.0100886
312.924	0.0114285
313.424	0.0126471
313.924	0.0137322
314.423	0.0146732
314.923	0.0154608
315.423	0.0160876
315.923	0.0165475
316.423	0.0168365
316.923	0.016952
317.423	0.0168934
317.923	0.0166619
318.422	0.0162604
318.922	0.0156936
319.422	0.0149677
319.922	0.0140907
320.422	0.013072
320.922	0.0119226
321.422	0.0106545
321.922	0.00928129
322.421	0.00781719
322.921	0.00627753
323.421	0.00467832
323.921	0.00303613
324.421	0.00136791
324.921	-0.000309157
325.421	-0.00197787
325.921	-0.00362115
326.421	-0.00522223
326.92	-0.00676486
327.42	-0.00823338
327.92	-0.009613
328.42	-0.0108898
328.92	-0.0120511
329.42	-0.0130853
329.92	-0.0139821
330.42	-0.0147329
330.919	-0.0153303
331.419	-0.0157687
331.919	-0.0160441
332.419	-0.0161542
332.919	-0.0160982
333.419	-0.0158774
333.919	-0.0154944
334.419	-0.0149536
334.918	-0.0142611
335.418	-0.0134244
335.918	-0.0124525
336.418	-0.0113558
336.918	-0.0101459
337.418	-0.00883551
337.918	-0.00743835
338.418	-0.00596901
338.917	-0.00444275
339.417	-0.00287539
339.917	-0.00128311
340.417	0.000317699
340.917	0.00191061
341.417	0.00347931
341.917	0.0050078
342.417	0.00648053
342.916	0.00788257
343.416	0.00919976
343.916	0.0104188
344.416	0.0115276
344.916	0.012515
345.416	0.0133712
345.916	0.014088
346.416	0.0146582
346.916	0.0150766
347.415	0.0153392
347.915	0.0154438
348.415	0.0153898
348.915	0.0151782
349.415	0.0148116
349.915	0.0142942
350.415	0.0136318
350.915	0.0128315
351.414	0.0119019
351.914	0.010853
352.414	0.00969581
352.914	0.00844252
353.414	0.00710624
353.914	0.0057009
354.414	0.00424111
354.914	0.00274198
355.413	0.00121899
355.913	-0.000312186
356.413	-0.00183582
356.913	-0.00333632
357.413	-0.00479837
357.913	-0.00620709
358.413	-0.00754818
358.913	-0.00880808
359.412	-0.00997412
359.912	-0.0110346
360.412	-0.0119789
360.912	-0.0127977
361.412	-0.013483
361.912	-0.014028
362.412	-0.0144277
362.912	-0.0146782
363.411	-0.0147775
363.911	-0.0147248
364.411	-0.0145213
364.911	-0.0141694
365.411	-0.0136731
365.911	-0.0130378
366.411	-0.0122705
366.911	-0.0113795
367.411	-0.0103741
367.91	-0.00926496
368.41	-0.00806379
368.91	-0.00678313
369.41	-0.00543633
369.91	-0.00403736
370.41	-0.00260072
370.91	-0.00114124
371.41	0.000326064
371.909	0.00178612
372.409	0.00322397
372.909	0.00462495
373.409	0.00597477
373.909	0.00725975
374.409	0.00846687
374.909	0.00958396
375.409	0.0105998
375.908	0.0115043
376.408	0.0122884
376.908	0.0129444
377.408	0.013466
377.908	0.013848
378.408	0.0140871
378.908	0.0141811
379.408	0.0141293
379.907	0.0139329
380.407	0.013594
380.907	0.0131167
381.407	0.0125061
381.907	0.0117688
382.407	0.0109128
382.907	0.00994708
383.407	0.00888189
383.906	0.0077284
384.406	0.00649866
384.906	0.00520549
385.406	0.00386231
385.906	0.00248301
386.406	0.00108185
386.906	-0.000326765
387.406	-0.00172836
387.905	-0.00310858
388.405	-0.00445332
388.905	-0.0057489
389.405	-0.00698214
389.905	-0.00814056
390.405	-0.00921247
390.905	-0.0101871
391.405	-0.0110547
391.905	-0.0118067
392.404	-0.0124355
392.904	-0.0129352
393.404	-0.0133009
393.904	-0.0135292
394.404	-0.013618
394.904	-0.0135669
395.404	-0.0133767
395.904	-0.0130497
396.403	-0.0125896
396.903	-0.0120015
397.403	-0.0112917
397.903	-0.0104678
398.403	-0.00953859
398.903	-0.00851377
399.403	-0.00740414
399.903	-0.00622128
400.402	-0.0049775
400.902	-0.00368573
401.402	-0.00235933
401.902	-0.00101198
402.402	0.000342444
402.902	0.00169003
403.402	0.00301697
403.902	0.00430971
404.401	0.00555507
404.901	0.0067404
405.401	0.00785369
405.901	0.00888369
406.401	0.00982005
406.901	0.0106534
407.401	0.0113754
407.901	0.011979
408.4	0.0124582
408.9	0.0128085
409.4	0.0130265
409.9	0.0131103
410.4	0.0130595
410.9	0.0128748
411.4	0.0125585
411.9	0.0121142
412.4	0.0115466
412.899	0.010862
413.399	0.0100676
413.899	0.00917184
414.399	0.00818417
414.899	0.00711492
415.399	0.00597526
415.899	0.00477705
416.399	0.00353273
416.898	0.00225515
417.398	0.000957521
417.898	-0.000346814
418.398	-0.00164446
418.898	-0.00292211
419.398	-0.00416672
419.898	-0.00536559
420.398	-0.00650654
420.897	-0.007578
421.397	-0.00856914
421.897	-0.00946999
422.397	-0.0102715
422.897	-0.0109657
423.397	-0.0115458
423.897	-0.0120059
424.397	-0.0123418
424.896	-0.0125503
425.396	-0.0126294
425.896	-0.0125788
426.396	-0.0123991
426.896	-0.0120927
427.396	-0.0116628
427.896	-0.0111143
428.396	-0.0104529
428.895	-0.00968585
429.395	-0.00882114
429.895	-0.00786791
430.395	-0.00683613
430.895	-0.00573658
431.395	-0.00458068
431.895	-0.00338043
432.395	-0.00214825
432.895	-0.000896841
433.394	0.000360905
433.894	0.00161207
434.394	0.00284384
434.894	0.00404361
435.394	0.00519916
435.894	0.00629873
436.394	0.00733116
436.894	0.00828602
437.393	0.00915369
437.893	0.00992546
438.393	0.0105936
438.893	0.0111516
439.393	0.0115939
439.893	0.0119162
440.393	0.0121155
440.893	0.01219
441.392	0.0121393
441.892	0.0119642
442.392	0.0116667
442.892	0.0112501
443.392	0.0107191
443.892	0.0100792
444.392	0.0093374
444.892	0.00850144
445.391	0.00758011
445.891	0.00658308
446.391	0.00552073
446.891	0.00440411
447.391	0.00324481
447.891	0.0020548
448.391	0.000846375
448.891	-0.000368037
449.39	-0.00157596
449.89	-0.00276501
450.39	-0.00392304
450.89	-0.00503822
451.39	-0.00609922
451.89	-0.00709527
452.39	-0.00801629
452.89	-0.008853
453.389	-0.00959699
453.889	-0.0102408
454.389	-0.0107782
454.889	-0.0112037
455.389	-0.0115133
455.889	-0.011704
456.389	-0.0117742
456.889	-0.0117234
457.389	-0.0115524
457.888	-0.0112632
458.388	-0.010859
458.888	-0.0103442
459.388	-0.00972441
459.888	-0.00900613
460.388	-0.00819697
460.888	-0.00730543
461.388	-0.00634084
461.887	-0.00531325
462.387	-0.00423335
462.887	-0.00311233
463.387	-0.00196177
463.887	-0.000793565
464.387	0.000380278
464.887	0.0015477
465.387	0.00269672
465.886	0.00381561
466.386	0.00489293
466.886	0.00591774
467.386	0.00687961
467.886	0.00776881
468.386	0.00857639
468.886	0.00929421
469.386	0.00991511
469.885	0.0104329
470.385	0.0108425
470.885	0.01114
471.385	0.0113225
471.885	0.0113884
472.385	0.0113373
472.885	0.0111699
473.385	0.0108882
473.884	0.0104953
474.384	0.00999556
474.884	0.00939425
475.384	0.00869779
475.884	0.00791351
476.384	0.00704965
476.884	0.00611524
477.384	0.00512002
477.884	0.00407432
478.383	0.00298899
478.883	0.00187524
479.383	0.000744568
479.883	-0.000391392
480.383	-0.00152097
480.883	-0.00263259
481.383	-0.00371488
481.883	-0.00475679
482.382	-0.00574772
482.882	-0.00667759
483.382	-0.007537
483.882	-0.00831727
484.382	-0.00901056
484.882	-0.00960992
485.382	-0.0101094
485.882	-0.0105041
486.381	-0.0107901
486.881	-0.0109649
487.381	-0.0110267
487.881	-0.0109751
488.381	-0.0108111
488.881	-0.0105364
489.381	-0.0101541
489.881	-0.00966831
490.38	-0.00908431
490.88	-0.00840825
491.38	-0.00764726
491.88	-0.00680932
492.38	-0.00590319
492.88	-0.0049383
493.38	-0.00392468
493.88	-0.00287283
494.379	-0.00179363
494.879	-0.000698196
495.379	0.000402182
495.879	0.0014962
496.379	0.00257265
496.879	0.00362052
497.379	0.0046291
497.879	0.00558813
498.379	0.00648785
498.878	0.00731916
499.378	0.00807366
499.878	0.00874375
500.378	0.00932273
500.878	0.00980484
501.378	0.0101853
501.878	0.0104605
502.378	0.0106277
502.877	0.0106854
503.377	0.0106333
503.877	0.0104722
504.377	0.0102038
504.877	0.00983122
505.377	0.00935842
505.877	0.00879047
506.377	0.00813337
506.876	0.00739406
507.376	0.00658027
507.876	0.00570052
508.376	0.00476395
508.876	0.0037803
509.376	0.00275975
509.876	0.00171285
510.376	0.000650391
510.875	-0.000416681
511.375	-0.00147741
511.875	-0.00252092
512.375	-0.00353653
512.875	-0.00451388
513.375	-0.005443
513.875	-0.00631445
514.375	-0.0071194
514.874	-0.00784972
515.374	-0.00849805
515.874	-0.00905791
516.374	-0.0095237
516.874	-0.00989084
517.374	-0.0101557
517.874	-0.0103159
518.374	-0.0103698
518.874	-0.0103172
519.373	-0.0101588
519.873	-0.00989645
520.373	-0.00953299
520.873	-0.00907237
521.373	-0.00851952
521.873	-0.00788027
522.373	-0.00716136
522.873	-0.00637031
523.372	-0.0055154
523.872	-0.0046055
524.372	-0.00365008
524.872	-0.00265901
525.372	-0.00164255
525.872	-0.000611179
526.372	0.000424493
526.872	0.00145382
527.371	0.00246626
527.871	0.00345144
528.371	0.0043993
528.871	0.00530018
529.371	0.00614492
529.871	0.00692497
530.371	0.00763242
530.871	0.00826016
531.37	0.00880189
531.87	0.00925221
532.37	0.00960666
532.87	0.0098618
533.37	0.0100152
533.87	0.0100654
534.37	0.0100122
534.87	0.00985629
535.369	0.00959942
535.869	0.00924445
536.369	0.0087952
536.869	0.00825646
537.369	0.00763392
537.869	0.00693413
538.369	0.00616441
538.869	0.0053328
539.368	0.00444796
539.868	0.00351905
540.368	0.0025557
540.868	0.00156785
541.368	0.000565708
541.868	-0.00044043
542.368	-0.00144022
542.868	-0.00242342
543.368	-0.00337996
543.867	-0.00430006
544.367	-0.00517436
544.867	-0.00599397
545.367	-0.00675055
545.867	-0.00743648
546.367	-0.00804483
546.867	-0.0085695
547.367	-0.00900526
547.866	-0.00934779
548.366	-0.00959375
548.866	-0.00974079
549.366	-0.00978759
549.866	-0.00973384
550.366	-0.00958027
550.866	-0.00932865
551.366	-0.00898174
551.865	-0.00854326
552.365	-0.00801789
552.865	-0.00741118
553.365	-0.00672951
553.865	-0.00597999
554.365	-0.00517047
554.865	-0.00430934
555.365	-0.00340555
555.864	-0.00246846
556.364	-0.00150773
556.864	-0.000533278
557.364	0.000444866
557.864	0.00141666
558.364	0.00237213
558.864	0.0033015
559.364	0.00419528
559.863	0.00504435
560.363	0.00584008
560.863	0.00657438
561.363	0.00723985
561.863	0.00782975
562.363	0.00833818
562.863	0.00876005
563.363	0.00909119
563.863	0.00932836
564.362	0.00946929
564.862	0.0095127
565.362	0.00945833
565.862	0.0093069
566.362	0.00906013
566.862	0.00872073
567.362	0.00829235
567.862	0.00777955
568.361	0.00718772
568.861	0.0065231
569.361	0.00579262
569.861	0.00500392
570.361	0.00416517
570.861	0.00328509
571.361	0.00237279
571.861	0.00143768
572.36	0.000489398
572.86	-0.000462286
573.36	-0.0014076
573.86	-0.00233685
574.36	-0.00324052
574.86	-0.00410938
575.36	-0.00493457
575.86	-0.00570769
576.359	-0.0064209
576.859	-0.00706698
577.359	-0.00763941
577.859	-0.00813244
578.359	-0.00854114
578.859	-0.00886148
579.359	-0.0090903
579.859	-0.00922542
580.358	-0.00926561
580.858	-0.00921063
581.358	-0.0090612
581.858	-0.00881902
582.358	-0.00848673
582.858	-0.0080679
583.358	-0.00756699
583.858	-0.00698927
584.358	-0.00634081
584.857	-0.00562838
585.357	-0.00485942
585.857	-0.00404191
586.357	-0.00318433
586.857	-0.00229555
587.357	-0.00138476
587.857	-0.00046134
588.357	0.000465206
588.856	0.00138536
589.356	0.00228968
589.856	0.00316891
590.356	0.00401407
590.856	0.00481653
591.356	0.00556813
591.856	0.00626123
592.356	0.00688882
592.855	0.00744457
593.355	0.00792289
593.855	0.00831899
594.355	0.00862895
594.855	0.00884973
595.355	0.00897922
595.855	0.00901624
596.355	0.00896055
596.854	0.0088129
597.354	0.00857495
597.854	0.00824929
598.354	0.00783941
598.854	0.00734967
599.354	0.00678523
599.854	0.006152
600.354	0.0054566
600.853	0.00470628
601.353	0.00390883
601.853	0.00307252
602.353	0.002206
602.853	0.00131822
603.353	0.000418327
603.853	-0.000484413
604.353	-0.00138073
604.853	-0.00226143
605.352	-0.00311749
605.852	-0.00394017
606.352	-0.00472107
606.852	-0.00545224
607.352	-0.00612626
607.852	-0.0067363
608.352	-0.0072762
608.852	-0.00774053
609.351	-0.00812464
609.851	-0.00842474
610.351	-0.00863786
610.851	-0.00876197
611.351	-0.00879593
611.851	-0.00873954
612.351	-0.00859354
612.851	-0.00835957
613.35	-0.00804016
613.85	-0.00763875
614.35	-0.00715958
614.85	-0.0066077
615.35	-0.00598891
615.85	-0.00530965
616.35	-0.00457701
616.85	-0.00379859
617.349	-0.00298247
617.849	-0.00213708
618.349	-0.00127115
618.849	-0.000393604
619.349	0.000486522
619.849	0.00136019
620.349	0.00221843
620.849	0.00305247
621.348	0.00385377
621.848	0.00461417
622.348	0.0053259
622.848	0.00598176
623.348	0.00657508
623.848	0.00709988
624.348	0.00755088
624.848	0.00792356
625.347	0.00821423
625.847	0.00842002
626.347	0.00853896
626.847	0.00856997
627.347	0.00851287
627.847	0.00836838
628.347	0.00813813
628.847	0.00782462
629.347	0.0074312
629.846	0.00696204
630.346	0.00642206
630.846	0.00581694
631.346	0.00515299
631.846	0.00443712
632.346	0.00367676
632.846	0.00287979
633.346	0.00205445
633.845	0.00120927
634.345	0.000352953
634.845	-0.00050569
635.345	-0.00135784
635.845	-0.00219475
636.345	-0.00300785
636.845	-0.00378883
637.345	-0.00452972
637.844	-0.00522298
638.344	-0.00586156
638.844	-0.00643898
639.344	-0.00694942
639.844	-0.00738773
640.344	-0.00774953
640.844	-0.00803122
641.344	-0.00823003
641.843	-0.00834405
642.343	-0.00837224
642.843	-0.00831445
643.343	-0.0081714
643.843	-0.00794468
644.343	-0.00763677
644.843	-0.00725095
645.343	-0.0067913
645.842	-0.00626265
646.342	-0.00567054
646.842	-0.00502115
647.342	-0.00432124
647.842	-0.00357807
648.342	-0.00279934
648.842	-0.0019931
649.342	-0.00116767
649.842	-0.000331564
650.341	0.00050662
650.841	0.00133827
651.341	0.00215486
651.841	0.00294802
652.341	0.00370964
652.841	0.00443196
653.341	0.0051076
653.841	0.00572972
654.34	0.00629199
654.84	0.00678873
655.34	0.00721496
655.84	0.00756638
656.34	0.00783952
656.84	0.00803167
657.34	0.00814101
657.84	0.00816651
658.339	0.00810806
658.839	0.00796638
659.339	0.00774305
659.839	0.00744049
660.339	0.00706192
660.839	0.00661135
661.339	0.00609351
661.839	0.00551383
662.338	0.00487835
662.838	0.00419367
663.338	0.00346692
663.838	0.0027056
664.338	0.0019176
664.838	0.00111105
665.338	0.000294253
665.838	-0.000524382
666.337	-0.00133644
666.837	-0.0021336
667.337	-0.0029077
667.837	-0.00365081
668.337	-0.00435536
668.837	-0.00501416
669.337	-0.00562052
669.837	-0.00616829
670.337	-0.00665192
670.836	-0.00706656
671.336	-0.00740803
671.836	-0.00767296
672.336	-0.00785872
672.836	-0.00796353
673.336	-0.00798643
673.836	-0.0079273
674.336	-0.00778689
674.835	-0.00756674
675.335	-0.00726924
675.835	-0.00689756
676.335	-0.00645562
676.835	-0.00594807
677.335	-0.00538022
677.835	-0.00475798
678.335	-0.00408783
678.834	-0.00337673
679.334	-0.00263202
679.834	-0.00186142
680.334	-0.00107288
680.834	-0.000274511
681.334	0.000525462
681.834	0.00131882
682.334	0.00209743
682.833	0.00285332
683.333	0.00357875
683.833	0.00426632
684.333	0.00490903
684.833	0.00550033
685.333	0.00603423
685.833	0.00650534
686.333	0.0069089
686.832	0.00724086
687.332	0.00749793
687.832	0.00767757
688.332	0.00777804
688.832	0.00779845
689.332	0.00773867
689.832	0.00759946
690.332	0.00738236
690.832	0.0070897
691.331	0.0067246
691.831	0.00629092
692.331	0.00579321
692.831	0.00523667
693.331	0.00462712
693.831	0.00397087
694.331	0.00327475
694.831	0.00254595
695.33	0.00179202
695.83	0.00102073
696.33	0.000240021
696.83	-0.000542065
697.33	-0.0013175
697.83	-0.00207832
698.33	-0.00281673
698.83	-0.0035252
699.329	-0.00419647
699.829	-0.00482371
700.329	-0.00540054
700.829	-0.00592111
701.329	-0.00638014
701.829	-0.00677302
702.329	-0.0070958
702.829	-0.00734527
703.328	-0.00751896
703.828	-0.0076152
704.328	-0.00763312
704.828	-0.00757263
705.328	-0.00743448
705.828	-0.00722018
706.328	-0.00693206
706.828	-0.00657317
707.327	-0.00614729
707.827	-0.00565891
708.327	-0.00511311
708.827	-0.0045156
709.327	-0.00387257
709.827	-0.0031907
710.327	-0.00247705
710.827	-0.00173898
711.326	-0.000984127
711.826	-0.000220251
712.326	0.000544785
712.826	0.00130312
713.326	0.00204698
713.826	0.00276873
714.326	0.003461
714.826	0.00411673
715.326	0.00472921
715.825	0.00529224
716.325	0.00580008
716.825	0.0062476
717.325	0.00663029
717.825	0.00694431
718.325	0.00718653
718.825	0.00735455
719.325	0.00744677
719.824	0.00746233
720.324	0.00740118
720.824	0.00726406
721.324	0.00705248
721.824	0.00676872
722.324	0.00641579
722.824	0.00599741
723.324	0.00551798
723.823	0.00498249
724.323	0.00439653
724.823	0.00376619
725.323	0.00309799
725.823	0.00239887
726.323	0.00167603
726.823	0.000936947
727.323	0.000189224
727.822	-0.000559444
728.322	-0.00130137
728.822	-0.00202893
729.322	-0.00273468
729.822	-0.0034114
730.322	-0.00405218
730.822	-0.00465048
731.322	-0.00520022
731.821	-0.00569581
732.321	-0.00613224
732.821	-0.00650511
733.321	-0.00681067
733.821	-0.00704587
734.321	-0.0072084
734.821	-0.00729669
735.321	-0.00730992
735.821	-0.00724806
736.32	-0.00711186
736.82	-0.00690281
737.32	-0.00662315
737.82	-0.00627585
738.32	-0.00586458
738.82	-0.00539364
739.32	-0.00486795
739.82	-0.00429298
740.319	-0.00367471
740.819	-0.00301954
741.319	-0.00233426
741.819	-0.00162594
742.319	-0.000901897
742.819	-0.000169577
743.319	0.000563481
743.819	0.00128975
744.318	0.00200177
744.818	0.00269226
745.318	0.00335415
745.818	0.00398067
746.318	0.00456545
746.818	0.00510253
747.318	0.00558645
747.818	0.00601232
748.317	0.00637585
748.817	0.00667337
749.317	0.00690193
749.817	0.00705926
750.317	0.00714385
750.817	0.00715493
751.317	0.00709247
751.817	0.00695722
752.316	0.00675066
752.816	0.00647501
753.316	0.00613319
753.816	0.00572881
754.316	0.0052661
754.816	0.00474988
755.316	0.00418554
755.816	0.00357893
756.316	0.00293634
756.815	0.00226442
757.315	0.00157011
757.815	0.00086057
758.315	0.000143109
758.815	-0.000574892
759.315	-0.00128606
759.815	-0.00198309
760.315	-0.00265885
760.814	-0.00330642
761.314	-0.00391919
761.814	-0.00449091
762.314	-0.00501575
762.814	-0.0054884
763.314	-0.00590406
763.814	-0.00625854
764.314	-0.00654827
764.813	-0.00677037
765.313	-0.00692264
765.813	-0.00700361
766.313	-0.00701254
766.813	-0.00694943
767.313	-0.00681502
767.813	-0.00661079
768.313	-0.00633892
768.812	-0.0060023
769.312	-0.00560447
769.812	-0.00514959
770.312	-0.00464241
770.812	-0.00408821
771.312	-0.00349274
771.812	-0.00286217
772.312	-0.00220302
772.811	-0.00152211
773.311	-0.000826446
773.811	-0.000123203
774.311	0.000580387
774.811	0.0012771
775.311	0.00195978
775.811	0.00262144
776.311	0.00325531
776.811	0.00385491
777.31	0.00441413
777.81	0.00492728
778.31	0.00538914
778.81	0.00579504
779.31	0.00614087
779.81	0.00642317
780.31	0.00663911
780.81	0.00678657
781.309	0.00686411
781.809	0.00687103
782.309	0.00680735
782.809	0.00667381
783.309	0.00647187
783.809	0.0062037
784.309	0.00587214
784.809	0.00548067
785.308	0.00503339
785.808	0.00453496
786.308	0.00399058
786.808	0.00340589
787.308	0.00278696
787.808	0.00214017
788.308	0.00147222
788.808	0.000789987
789.307	0.000100504
789.807	-0.00058914
790.307	-0.00127186
790.807	-0.00194065
791.307	-0.00258865
791.807	-0.00320925
792.307	-0.00379608
792.807	-0.00434318
793.306	-0.00484497
793.806	-0.00529635
794.306	-0.00569275
794.806	-0.00603016
795.306	-0.0063052
795.806	-0.00651511
796.306	-0.00665782
796.806	-0.00673196
797.305	-0.00673683
797.805	-0.00667249
798.305	-0.00653968
798.805	-0.00633984
799.305	-0.00607512
799.805	-0.00574831
800.305	-0.00536286
800.805	-0.00492278
801.305	-0.00443268
801.804	-0.00389765
802.304	-0.00332324
802.804	-0.0027154
803.304	-0.00208042
803.804	-0.00142485
804.304	-0.000755462
804.804	-7.9137e-05
805.304	0.000597163
805.803	0.00126649
806.303	0.00192198
806.803	0.00255691
807.303	0.00316479
807.803	0.0037394
808.303	0.00427489
808.803	0.0047658
809.303	0.00520714
809.802	0.00559445
810.302	0.0059238
810.802	0.00619188
811.302	0.00639603
811.802	0.00653421
812.302	0.0066051
812.802	0.00660804
813.302	0.0065431
813.801	0.00641101
814.301	0.00621322
814.801	0.00595185
815.301	0.00562965
815.801	0.00525001
816.301	0.00481691
816.801	0.00433485
817.301	0.00380885
817.8	0.00324436
818.3	0.00264724
818.8	0.00202366
819.3	0.00138005
819.8	0.000723058
820.3	5.94429e-05
820.8	-0.000603967
821.3	-0.00126036
821.8	-0.00190299
822.299	-0.00252529
822.799	-0.00312087
823.299	-0.00368366
823.799	-0.00420791
824.299	-0.00468828
824.799	-0.00511989
825.299	-0.00549837
825.799	-0.00581989
826.298	-0.00608121
826.798	-0.00627973
827.298	-0.00641347
827.798	-0.00648116
828.298	-0.00648215
828.798	-0.00641654
829.298	-0.00628507
829.798	-0.00608917
830.297	-0.00583093
830.797	-0.00551308
831.297	-0.00513896
831.797	-0.00471247
832.297	-0.00423807
832.797	-0.00372067
833.297	-0.00316566
833.797	-0.00257877
834.296	-0.00196607
834.796	-0.0013339
835.296	-0.000688755
835.796	-3.7293e-05
836.296	0.00061379
836.796	0.0012578
837.296	0.00188814
837.796	0.00249835
838.295	0.00308217
838.795	0.00363365
839.295	0.00414715
839.795	0.00461745
840.295	0.00503977
840.795	0.00540982
841.295	0.00572387
841.795	0.00597875
842.295	0.00617191
842.794	0.00630145
843.294	0.00636611
843.794	0.00636531
844.294	0.00629912
844.794	0.0061683
845.294	0.00597428
845.794	0.00571912
846.294	0.00540552
846.793	0.00503677
847.293	0.00461671
847.793	0.00414974
848.293	0.00364069
848.793	0.00309485
849.293	0.00251787
849.793	0.00191571
850.293	0.0012946
850.792	0.000660923
851.292	2.12159e-05
851.792	-0.000617944
852.292	-0.00124999
852.792	-0.00186844
853.292	-0.00246695
853.792	-0.00303941
854.292	-0.00357995
854.791	-0.00408306
855.291	-0.00454362
855.791	-0.00495694
856.291	-0.00531884
856.791	-0.00562565
857.291	-0.00587429
857.791	-0.00606227
858.291	-0.00618773
858.79	-0.00624945
859.29	-0.00624687
859.79	-0.0061801
860.29	-0.0060499
860.79	-0.00585767
861.29	-0.00560546
861.79	-0.00529593
862.29	-0.00493233
862.789	-0.00451846
863.289	-0.00405862
863.789	-0.0035576
864.289	-0.00302059
864.789	-0.00245314
865.289	-0.00186113
865.789	-0.00125066
866.289	-0.000628019
866.789	3.74024e-07
867.288	0.000628059
867.788	0.00124859
868.288	0.0018556
868.788	0.00244286
869.288	0.00300437
869.788	0.00353439
870.288	0.00402751
870.788	0.00447871
871.287	0.00488339
871.787	0.00523746
872.287	0.00553733
872.787	0.00577999
873.287	0.00596301
873.787	0.00608457
874.287	0.0061435
874.787	0.00613927
875.286	0.00607199
875.786	0.00594242
876.286	0.00575197
876.786	0.00550266
877.286	0.00519712
877.786	0.00483855
878.286	0.00443071
878.786	0.00397782
879.285	0.00348461
879.785	0.00295618
880.285	0.002398
880.785	0.00181584
881.285	0.0012157
881.785	0.000603782
882.285	-1.36238e-05
882.785	-0.000630167
883.284	-0.00123951
883.784	-0.00183541
884.284	-0.00241175
884.784	-0.00296264
885.284	-0.00348244
885.784	-0.00396585
886.284	-0.00440795
886.784	-0.00480423
887.284	-0.00515068
887.783	-0.0054438
888.283	-0.00568063
888.783	-0.00585881
889.283	-0.00597656
889.783	-0.00603276
890.283	-0.00602688
890.783	-0.00595906
891.283	-0.00583008
891.782	-0.00564131
892.282	-0.00539477
892.782	-0.00509306
893.282	-0.00473933
893.782	-0.00433728
894.282	-0.0038911
894.782	-0.00340541
895.282	-0.00288526
895.781	-0.00233602
896.281	-0.00176338
896.781	-0.00117323
897.281	-0.000571669
897.781	3.51175e-05
898.281	0.000640888
898.781	0.00123942
899.281	0.00182457
899.78	0.00239034
900.28	0.00293094
900.78	0.00344085
901.28	0.00391486
901.78	0.00434814
902.28	0.00473628
902.78	0.00507534
903.28	0.00536191
903.779	0.00559308
904.279	0.00576655
904.779	0.0058806
905.279	0.00593412
905.779	0.00592663
906.279	0.00585827
906.779	0.00572982
907.279	0.00554266
907.779	0.00529878
908.278	0.00500074
908.778	0.00465167
909.278	0.00425521
909.778	0.00381549
910.278	0.00333707
910.778	0.00282491
911.278	0.00228431
911.778	0.00172086
912.277	0.00114037
912.777	0.000548819
913.277	-4.76956e-05
913.777	-0.000643043
914.277	-0.00123111
914.777	-0.00180585
915.277	-0.00236139
915.777	-0.00289203
916.276	-0.00339235
916.776	-0.00385724
917.276	-0.00428196
917.776	-0.0046622
918.276	-0.00499409
918.776	-0.00527428
919.276	-0.00549994
919.776	-0.00566882
920.275	-0.00577925
920.775	-0.00583014
921.275	-0.00582105
921.775	-0.00575212
922.275	-0.00562414
922.775	-0.00543849
923.275	-0.00519713
923.775	-0.0049026
924.274	-0.00455799
924.774	-0.0041669
925.274	-0.00373338
925.774	-0.00326195
926.274	-0.00275749
926.774	-0.00222521
927.274	-0.00167061
927.774	-0.00109942
928.274	-0.000517532
928.773	6.90744e-05
929.273	0.000654364
929.773	0.00123232
930.273	0.00179702
930.773	0.00234267
931.273	0.00286368
931.773	0.00335473
932.273	0.00381081
932.772	0.00422726
933.272	0.00459985
933.772	0.00492479
934.272	0.0051988
934.772	0.00541913
935.272	0.00558355
935.772	0.00569044
936.272	0.00573877
936.771	0.0057281
937.271	0.00565859
937.771	0.00553104
938.271	0.00534681
938.771	0.00510785
939.271	0.00481668
939.771	0.00447635
940.271	0.0040904
940.77	0.00366284
941.27	0.00319812
941.77	0.00270105
942.27	0.00217677
942.77	0.0016307
943.27	0.00106846
943.77	0.000495865
944.27	-8.12053e-05
944.769	-0.000656813
945.269	-0.00122505
945.769	-0.00178007
946.269	-0.0023162
946.769	-0.00282795
947.269	-0.00331008
947.769	-0.00375767
948.269	-0.00416616
948.768	-0.00453139
949.268	-0.00484965
949.768	-0.00511773
950.268	-0.00533292
950.768	-0.00549307
951.268	-0.00559658
951.768	-0.00564246
952.268	-0.00563029
952.768	-0.00556026
953.267	-0.00543315
953.767	-0.00525032
954.267	-0.00501371
954.767	-0.00472582
955.267	-0.00438964
955.767	-0.00400868
956.267	-0.00358691
956.767	-0.00312871
957.266	-0.00263881
957.766	-0.00212228
958.266	-0.00158446
958.766	-0.00103091
959.266	-0.000467308
959.766	0.000100527
960.266	0.00066676
960.766	0.00122557
961.265	0.00177124
961.765	0.00229815
962.265	0.00280093
962.765	0.00327443
963.265	0.00371381
963.765	0.00411459
964.265	0.0044727
964.765	0.00478451
965.264	0.00504684
965.764	0.00525707
966.264	0.00541308
966.764	0.00551333
967.264	0.00555684
967.764	0.00554323
968.264	0.00547269
968.764	0.00534601
969.263	0.00516454
969.763	0.00493022
970.263	0.00464549
970.763	0.00431333
971.263	0.00393722
971.763	0.00352105
972.263	0.00306915
972.763	0.00258619
973.263	0.00207716
973.762	0.00154733
974.262	0.00100216
974.762	0.000447272
975.262	-0.000111633
975.762	-0.000668804
976.262	-0.00121852
976.762	-0.00175513
977.262	-0.00227315
977.761	-0.00276727
978.261	-0.00323243
978.761	-0.00366389
979.261	-0.00405725
979.761	-0.0044085
980.261	-0.00471408
980.761	-0.0049709
981.261	-0.00517637
981.76	-0.00532842
982.26	-0.00542556
982.76	-0.00546683
983.26	-0.00545188
983.76	-0.0053809
984.26	-0.0052547
984.76	-0.00507461
985.26	-0.00484256
985.759	-0.00456096
986.259	-0.00423278
986.759	-0.00386142
987.259	-0.00345074
987.759	-0.00300502
988.259	-0.00252885
988.759	-0.00202717
989.259	-0.00150515
989.758	-0.000968182
990.258	-0.000421797
990.758	0.000128384
991.258	0.000676702
991.758	0.00121752
992.258	0.0017453
992.758	0.00225463
993.258	0.00274029
993.758	0.00319731
994.257	0.00362103
994.757	0.00400713
995.257	0.00435167
995.757	0.00465117
996.257	0.00490258
996.757	0.00510338
997.257	0.00525155
997.757	0.00534562
998.256	0.00538468
998.756	0.00536838
999.256	0.00529695
999.756	0.00517117
1000.26	0.00499239
1000.76	0.0047625
1001.26	0.00448392
1001.76	0.00415956
1002.26	0.00379279
1002.76	0.00338742
1003.26	0.00294767
1003.76	0.00247808
1004.25	0.0019835
1004.75	0.00146905
1005.25	0.000940026
1005.75	0.000401884
1006.25	-0.000139839
1006.75	-0.000679573
1007.25	-0.00121177
1007.75	-0.00173098
1008.25	-0.00223188
1008.75	-0.00270933
1009.25	-0.00315845
1009.75	-0.00357466
1010.25	-0.00395371
1010.75	-0.00429175
1011.25	-0.00458534
1011.75	-0.00483151
1012.25	-0.00502778
1012.75	-0.00517217
1013.25	-0.00526327
1013.75	-0.00530018
1014.25	-0.00528258
1014.75	-0.0052107
1015.25	-0.00508535
1015.75	-0.00490784
1016.25	-0.00468008
1016.75	-0.00440443
1017.25	-0.00408379
1017.75	-0.00372149
1018.25	-0.0033213
1018.75	-0.00288736
1019.25	-0.00242418
1019.75	-0.00193653
1020.25	-0.00142945
1020.75	-0.000908175
1021.25	-0.000378072
1021.75	0.000155402
1022.25	0.000686761
1022.75	0.00121055
1023.25	0.00172139
1023.75	0.00221405
1024.25	0.00268347
1024.75	0.00312487
1025.25	0.00353373
1025.75	0.00390588
1026.25	0.00423754
1026.75	0.00452532
1027.25	0.00476633
1027.75	0.00495813
1028.25	0.0050988
1028.75	0.00518693
1029.25	0.00522169
1029.75	0.00520275
1030.25	0.00513037
1030.75	0.00500534
1031.25	0.004829
1031.75	0.00460321
1032.25	0.00433035
1032.75	0.00401324
1033.25	0.00365521
1033.75	0.00325997
1034.25	0.00283161
1034.75	0.00237458
1035.25	0.00189359
1035.75	0.0013936
1036.25	0.000879786
1036.75	0.000357428
1037.25	-0.000168094
1037.75	-0.000691377
1038.25	-0.00120705
1038.75	-0.00170981
1039.25	-0.00219451
1039.75	-0.0026562
1040.25	-0.00309013
1040.75	-0.00349189
1041.25	-0.00385737
1041.75	-0.00418286
1042.25	-0.00446504
1042.75	-0.00470107
1043.25	-0.00488855
1043.75	-0.00502561
1044.25	-0.00511088
1044.75	-0.00514355
1045.24	-0.00512332
1045.74	-0.00505046
1046.24	-0.00492576
1046.74	-0.00475055
1047.24	-0.00452669
1047.74	-0.00425651
1048.24	-0.00394285
1048.74	-0.00358895
1049.24	-0.00319851
1049.74	-0.00277557
1050.24	-0.0023245
1050.74	-0.00184996
1051.24	-0.00135686
1051.74	-0.000850277
1052.24	-0.000335433
1052.74	0.000182375
1053.24	0.000697823
1053.74	0.00120562
1054.24	0.00170054
1054.74	0.00217753
1055.24	0.00263169
1055.74	0.00305838
1056.24	0.00345325
1056.74	0.00381225
1057.24	0.00413175
1057.74	0.00440848
1058.24	0.00463966
1058.74	0.00482294
1059.24	0.00495649
1059.74	0.00503897
1060.24	0.0050696
1060.74	0.00504811
1061.24	0.00497476
1061.74	0.00485036
1062.24	0.00467623
1062.74	0.00445421
1063.24	0.00418662
1063.74	0.00387627
1064.24	0.00352637
1064.74	0.00314056
1065.24	0.00272284
1065.74	0.00227753
1066.24	0.00180923
1066.74	0.00132277
1067.24	0.00082318
1067.74	0.000315594
1068.24	-0.000194762
1068.74	-0.00070264
1069.24	-0.00120282
1069.74	-0.00169018
1070.24	-0.00215972
1070.74	-0.00260662
1071.24	-0.00302632
1071.74	-0.00341453
1072.24	-0.0037673
1072.74	-0.00408102
1073.24	-0.00435251
1073.74	-0.00457902
1074.24	-0.00475826
1074.74	-0.00488844
1075.24	-0.00496827
1075.74	-0.00499696
1076.24	-0.00497428
1076.74	-0.0049005
1077.24	-0.00477643
1077.74	-0.00460339
1078.24	-0.0043832
1078.74	-0.00411817
1079.24	-0.00381107
1079.74	-0.00346508
1080.24	-0.00308381
1080.74	-0.0026712
1081.24	-0.00223151
1081.74	-0.0017693
1082.24	-0.00128933
1082.74	-0.00079655
1083.24	-0.000296037
1083.74	0.000207058
1084.24	0.000707565
1084.74	0.00120034
1085.24	0.00168033
1085.74	0.00214262
1086.23	0.00258246
1086.73	0.00299536
1087.23	0.00337711
1087.73	0.0037238
1088.23	0.00403191
1088.73	0.00429831
1089.23	0.0045203
1089.73	0.00469563
1090.23	0.00482255
1090.73	0.0048998
1091.23	0.00492663
1091.73	0.00490281
1092.23	0.00482864
1092.73	0.00470491
1093.23	0.00453295
1093.73	0.00431457
1094.23	0.00405205
1094.73	0.00374813
1095.23	0.00340598
1095.73	0.00302914
1096.23	0.00262152
1096.73	0.00218734
1097.23	0.00173107
1097.73	0.00125744
1098.23	0.000771313
1098.73	0.000277708
1099.23	-0.0002183
1099.73	-0.00071161
1100.23	-0.00119716
1100.73	-0.00166996
1101.23	-0.00212517
1101.73	-0.00255812
1102.23	-0.00296439
1102.73	-0.00333982
1103.23	-0.0036806
1103.73	-0.00398323
1104.23	-0.00424466
1104.73	-0.00446223
1105.23	-0.00463375
1105.73	-0.00475749
1106.23	-0.00483222
1106.73	-0.00485723
1107.23	-0.0048323
1107.73	-0.00475773
1108.23	-0.00463434
1108.73	-0.00446343
1109.23	-0.0042468
1109.73	-0.00398673
1110.23	-0.00368592
1110.73	-0.0033475
1111.23	-0.00297499
1111.73	-0.00257224
1112.23	-0.00214341
1112.73	-0.00169294
1113.23	-0.00122548
1113.73	-0.000745848
1114.23	-0.000258978
1114.73	0.000230117
1115.23	0.00071641
1115.73	0.0011949
1116.23	0.00166069
1116.73	0.002109
1117.23	0.00253523
1117.73	0.00293503
1118.23	0.0033043
1118.73	0.0036393
1119.23	0.00393659
1119.73	0.00419317
1120.23	0.00440643
1120.73	0.00457421
1121.23	0.00469484
1121.73	0.00476712
1122.23	0.00479035
1122.73	0.00476433
1123.23	0.00468937
1123.73	0.00456629
1124.23	0.00439641
1124.73	0.00418149
1125.23	0.0039238
1125.73	0.00362602
1126.23	0.00329124
1126.73	0.00292294
1127.22	0.00252494
1127.72	0.00210135
1128.22	0.00165654
1128.72	0.00119511
1129.22	0.000721817
1129.72	0.000241528
1130.22	-0.00024081
1130.72	-0.00072024
1131.22	-0.00119184
1131.72	-0.00165076
1132.22	-0.00209231
1132.72	-0.00251195
1133.22	-0.00290541
1133.72	-0.00326865
1134.22	-0.00359797
1134.72	-0.00389001
1135.22	-0.00414181
1135.72	-0.00435082
1136.22	-0.00451492
1136.72	-0.00463247
1137.22	-0.00470229
1137.72	-0.00472373
1138.22	-0.00469659
1138.72	-0.0046212
1139.22	-0.00449837
1139.72	-0.00432941
1140.22	-0.0041161
1140.72	-0.00386067
1141.22	-0.00356577
1141.72	-0.00323448
1142.22	-0.00287023
1142.72	-0.00247679
1143.22	-0.00205824
1143.72	-0.00161888
1144.22	-0.00116327
1144.72	-0.000696091
1145.22	-0.000222156
1145.72	0.000253656
1146.22	0.000726455
1146.72	0.00119139
1147.22	0.00164367
1147.72	0.00207869
1148.22	0.00249196
1148.72	0.00287928
1149.22	0.00323668
1149.72	0.00356051
1150.22	0.00384748
1150.72	0.00409467
1151.22	0.00429957
1151.72	0.00446011
1152.22	0.00457469
1152.72	0.00464216
1153.22	0.00466187
1153.72	0.00463366
1154.22	0.00455787
1154.72	0.0044353
1155.22	0.00426728
1155.72	0.00405555
1156.22	0.00380233
1156.72	0.00351026
1157.22	0.00318238
1157.72	0.00282209
1158.22	0.00243311
1158.72	0.00201947
1159.22	0.00158545
1159.72	0.00113551
1160.22	0.000674306
1160.72	0.000206576
1161.22	-0.000262865
1161.72	-0.00072919
1162.22	-0.00118761
1162.72	-0.00163342
1163.22	-0.00206205
1163.72	-0.00246911
1164.22	-0.00285043
1164.72	-0.00320212
1165.22	-0.00352058
1165.72	-0.00380258
1166.22	-0.00404525
1166.72	-0.00424612
1167.22	-0.00440317
1167.72	-0.00451482
1168.21	-0.00457996
1168.71	-0.00459796
1169.21	-0.00456868
1169.71	-0.00449245
1170.21	-0.00437011
1170.71	-0.00420294
1171.21	-0.00399271
1171.71	-0.0037416
1172.21	-0.00345225
1172.71	-0.00312764
1173.21	-0.00277115
1173.71	-0.00238646
1174.21	-0.00197756
1174.71	-0.00154867
1175.21	-0.00110421
1175.71	-0.000648754
1176.21	-0.000187004
1176.71	0.000276294
1177.21	0.000736378
1177.71	0.00118852
1178.21	0.00162809
1178.71	0.00205057
1179.21	0.00245164
1179.71	0.00282719
1180.21	0.00317339
1180.71	0.0034867
1181.21	0.00376394
1181.71	0.00400227
1182.21	0.0041993
1182.71	0.00435302
1183.21	0.0044619
1183.71	0.00452484
1184.21	0.00454126
1184.71	0.00451101
1185.21	0.00443444
1185.71	0.00431239
1186.21	0.00414614
1186.71	0.00393745
1187.21	0.00368848
1187.71	0.00340184
1188.21	0.0030805
1188.71	0.00272779
1189.21	0.00234736
1189.71	0.00194315
1190.21	0.00151933
1190.71	0.00108027
1191.21	0.000630503
1191.71	0.000174651
1192.21	-0.000282592
1192.71	-0.000736527
1193.21	-0.00118249
1193.71	-0.00161591
1194.21	-0.00203234
1194.71	-0.00242751
1195.21	-0.00279738
1195.71	-0.00313817
1196.21	-0.0034464
1196.71	-0.00371894
1197.21	-0.00395301
1197.71	-0.00414623
1198.21	-0.00429666
1198.71	-0.00440279
1199.21	-0.00446356
1199.71	-0.00447838
1200.21	-0.00444714
1200.71	-0.00437021
1201.21	-0.0042484
1201.71	-0.00408301
1202.21	-0.00387577
1202.71	-0.00362885
1203.21	-0.00334482
1203.71	-0.00302663
1204.21	-0.00267758
1204.71	-0.00230127
1205.21	-0.0019016
1205.71	-0.00148269
1206.21	-0.00104887
1206.71	-0.000604611
1207.21	-0.000154478
1207.71	0.000296894
1208.21	0.000744866
1208.71	0.00118484
1209.2	0.00161229
1209.7	0.00202285
1210.2	0.0024123
1210.7	0.00277667
1211.2	0.00311223
1211.7	0.00341555
1212.2	0.00368354
1212.7	0.00391349
1213.2	0.00410305
1213.7	0.00425031
1214.2	0.00435381
1214.7	0.00441249
1215.2	0.00442581
1215.7	0.00439367
1216.2	0.00431642
1216.7	0.00419491
1217.2	0.00403041
1217.7	0.00382466
1218.2	0.0035798
1218.7	0.00329838
1219.2	0.00298332
1219.7	0.0026379
1220.2	0.00226568
1220.7	0.00187051
1221.2	0.00145647
1221.7	0.00102783
1222.2	0.000589017
1222.7	0.000144541
1223.2	-0.000301025
1223.7	-0.000743099
1224.2	-0.00117714
1224.7	-0.0015987
1225.2	-0.00200345
1225.7	-0.00238724
1226.2	-0.00274615
1226.7	-0.00307651
1227.2	-0.00337495
1227.7	-0.00363843
1228.2	-0.00386426
1228.7	-0.00405016
1229.2	-0.00419425
1229.7	-0.00429508
1230.2	-0.00435165
1230.7	-0.00436342
1231.2	-0.0043303
1231.7	-0.00425267
1232.2	-0.00413136
1232.7	-0.00396765
1233.2	-0.00376326
1233.7	-0.00352033
1234.2	-0.00324138
1234.7	-0.00292931
1235.2	-0.00258735
1235.7	-0.00221904
1236.2	-0.00182819
1236.7	-0.00141883
1237.2	-0.000995185
1237.7	-0.000561622
1238.2	-0.000122602
1238.7	0.000317358
1239.2	0.000753735
1239.7	0.00118205
1240.2	0.0015979
1240.7	0.00199703
1241.2	0.00237535
1241.7	0.00272898
1242.2	0.00305432
1242.7	0.00334803
1243.2	0.00360714
1243.7	0.003829
1244.2	0.00401136
1244.7	0.00415238
1245.2	0.00425065
1245.7	0.00430519
1246.2	0.00431547
1246.7	0.00428142
1247.2	0.00420343
1247.7	0.00408234
1248.2	0.00391943
1248.7	0.00371639
1249.2	0.00347536
1249.69	0.00319884
1250.19	0.0028897
1250.69	0.00255115
1251.19	0.00218668
1251.69	0.00180006
1252.19	0.00139529
1252.69	0.000976536
1253.19	0.000548118
1253.69	0.000114445
1254.19	-0.000320021
1254.69	-0.000750814
1255.19	-0.00117351
1255.69	-0.00158377
1256.19	-0.00197739
1256.69	-0.00235033
1257.19	-0.00269878
1257.69	-0.00301918
1258.19	-0.00330826
1258.69	-0.00356306
1259.19	-0.003781
1259.69	-0.00395987
1260.19	-0.00409786
1260.69	-0.00419358
1261.19	-0.00424609
1261.69	-0.00425487
1262.19	-0.00421987
1262.69	-0.00414149
1263.19	-0.00402056
1263.69	-0.00385836
1264.19	-0.0036566
1264.69	-0.00341737
1265.19	-0.00314316
1265.69	-0.00283682
1266.19	-0.00250152
1266.69	-0.00214074
1267.19	-0.00175819
1267.69	-0.00135783
1268.19	-0.000943784
1268.69	-0.000520321
1269.19	-9.17998e-05
1269.69	0.000337372
1270.19	0.000762784
1270.69	0.00118007
1271.19	0.00158494
1271.69	0.00197325
1272.19	0.00234101
1272.69	0.00268448
1273.19	0.00300012
1273.69	0.00328473
1274.19	0.00353541
1274.69	0.00374959
1275.19	0.00392512
1275.69	0.00406021
1276.19	0.0041535
1276.69	0.00420409
1277.19	0.00421146
1277.69	0.00417559
1278.19	0.00409688
1278.69	0.00397617
1279.19	0.00381473
1279.69	0.00361425
1280.19	0.00337682
1280.69	0.00310491
1281.19	0.00280135
1281.69	0.00246928
1282.19	0.00211212
1282.69	0.00173359
1283.19	0.00133756
1283.69	0.000928147
1284.19	0.000509549
1284.69	8.60819e-05
1285.19	-0.0003379
1285.69	-0.000758039
1286.19	-0.00117002
1286.69	-0.00156961
1287.19	-0.00195273
1287.69	-0.00231543
1288.19	-0.00265402
1288.69	-0.00296502
1289.19	-0.00324527
1289.69	-0.00349191
1290.19	-0.00370243
1290.68	-0.0038747
1291.18	-0.00400696
1291.68	-0.00409791
1292.18	-0.00414662
1292.68	-0.00415264
1293.18	-0.00411593
1293.68	-0.00403691
1294.18	-0.00391642
1294.68	-0.00375573
1295.18	-0.00355652
1295.68	-0.00332087
1296.18	-0.00305123
1296.68	-0.0027504
1297.18	-0.00242149
1297.68	-0.0020679
1298.18	-0.00169329
1298.68	-0.00130153
1299.18	-0.000896642
1299.68	-0.00048281
1300.18	-6.42907e-05
1300.68	0.000354611
1301.18	0.00076959
1301.68	0.00117638
1302.18	0.00157082
1302.68	0.00194885
1303.18	0.00230661
1303.68	0.00264043
1304.18	0.00294691
1304.68	0.0032229
1305.18	0.00346561
1305.68	0.00367255
1306.18	0.00384164
1306.68	0.00397117
1307.18	0.00405982
1307.68	0.00410673
1308.18	0.00411144
1308.68	0.00407394
1309.18	0.00399464
1309.68	0.00387439
1310.18	0.00371446
1310.68	0.00351652
1311.18	0.00328264
1311.68	0.00301525
1312.18	0.00271712
1312.68	0.00239133
1313.18	0.00204127
1313.68	0.00167053
1314.18	0.00128296
1314.68	0.000882537
1315.18	0.000473398
1315.68	5.97507e-05
1316.18	-0.00035415
1316.68	-0.000764052
1317.18	-0.00116574
1317.68	-0.0015551
1318.18	-0.00192814
1318.68	-0.00228103
1319.18	-0.00261017
1319.68	-0.00291218
1320.18	-0.00318399
1320.68	-0.00342283
1321.18	-0.00362626
1321.68	-0.00379223
1322.18	-0.00391905
1322.68	-0.00400546
1323.18	-0.00405059
1323.68	-0.00405401
1324.18	-0.00401572
1324.68	-0.00393615
1325.18	-0.00381614
1325.68	-0.00365696
1326.18	-0.00346028
1326.68	-0.00322814
1327.18	-0.00296295
1327.68	-0.00266748
1328.18	-0.00234477
1328.68	-0.00199817
1329.18	-0.00163125
1329.68	-0.00124781
1330.18	-0.000851789
1330.68	-0.000447277
1331.18	-3.84341e-05
1331.67	0.000370533
1332.17	0.000775422
1332.67	0.00117207
1333.17	0.00155642
1333.67	0.00192451
1334.17	0.00227259
1334.67	0.00259708
1335.17	0.00289468
1335.67	0.00316233
1336.17	0.00339732
1336.67	0.00359725
1337.17	0.0037601
1337.67	0.00388421
1338.17	0.00396835
1338.67	0.00401167
1339.17	0.00401376
1339.67	0.00397464
1340.17	0.00389473
1340.67	0.00377489
1341.17	0.00361637
1341.67	0.00342084
1342.17	0.00319033
1342.67	0.00292724
1343.17	0.0026343
1343.67	0.00231454
1344.17	0.00197127
1344.67	0.00160802
1345.17	0.00122856
1345.67	0.000836794
1346.17	0.000436753
1346.67	3.25591e-05
1347.17	-0.000371631
1347.67	-0.000771664
1348.17	-0.00116343
1348.67	-0.00154291
1349.17	-0.00190621
1349.67	-0.00224961
1350.17	-0.00256959
1350.67	-0.00286289
1351.17	-0.00312651
1351.67	-0.00335776
1352.17	-0.00355429
1352.67	-0.0037141
1353.17	-0.00383559
1353.67	-0.00391752
1354.17	-0.00395909
1354.67	-0.00395989
1355.17	-0.00391996
1355.67	-0.00383973
1356.17	-0.00372006
1356.67	-0.0035622
1357.17	-0.0033678
1357.67	-0.0031389
1358.17	-0.00287787
1358.67	-0.00258741
1359.17	-0.00227054
1359.67	-0.00193053
1360.17	-0.00157089
1360.67	-0.00119533
1361.17	-0.000807727
1361.67	-0.000412072
1362.17	-1.2439e-05
1362.67	0.000387063
1363.17	0.000782326
1363.67	0.00116929
1364.17	0.00154399
1364.67	0.00190257
1365.17	0.00224137
1365.67	0.00255692
1366.17	0.00284598
1366.67	0.00310561
1367.17	0.00333316
1367.67	0.00352631
1368.17	0.00368311
1368.67	0.00380196
1369.17	0.00388168
1369.67	0.00392147
1370.17	0.00392096
1370.67	0.00388016
1371.17	0.00379955
1371.67	0.00367996
1372.17	0.00352266
1372.66	0.0033293
1373.16	0.00310188
1373.66	0.00284277
1374.16	0.00255465
1374.66	0.0022405
1375.16	0.00190358
1375.66	0.00154736
1376.16	0.00117551
1376.66	0.000791879
1377.16	0.000400404
1377.66	5.11915e-06
1378.16	-0.000389911
1378.66	-0.000780627
1379.16	-0.00116302
1379.66	-0.00153315
1380.16	-0.00188724
1380.66	-0.00222166
1381.16	-0.00253298
1381.66	-0.00281802
1382.16	-0.00307387
1382.66	-0.00329793
1383.16	-0.0034879
1383.66	-0.00364187
1384.16	-0.00375827
1384.66	-0.00383594
1385.16	-0.00387411
1385.66	-0.00387241
1386.16	-0.0038309
1386.66	-0.00375001
1387.16	-0.00363062
1387.66	-0.00347398
1388.16	-0.00328173
1388.66	-0.00305586
1389.16	-0.00279873
1389.66	-0.00251299
1390.16	-0.00220161
1390.66	-0.0018678
1391.16	-0.00151502
1391.66	-0.00114689
1392.16	-0.000767222
1392.66	-0.000379917
1393.16	1.10362e-05
1393.66	0.000401617
1394.16	0.000787811
1394.66	0.00116565
1395.16	0.00153126
1395.66	0.00188089
1396.16	0.00221096
1396.66	0.00251809
1397.16	0.00279914
1397.66	0.00305124
1398.16	0.00327181
1398.66	0.00345862
1399.16	0.00360977
1399.66	0.00372373
1400.16	0.00379935
1400.66	0.00383588
1401.16	0.00383298
1401.66	0.0037907
1402.16	0.00370951
1402.66	0.00359027
1403.16	0.00343422
1403.66	0.003243
1404.16	0.00301861
1404.66	0.00276336
1405.16	0.0024799
1405.66	0.00217117
1406.16	0.00184035
1406.66	0.00149087
1407.16	0.00112632
1407.66	0.000750465
1408.16	0.000367172
1408.66	-1.96125e-05
1409.16	-0.000405913
1409.66	-0.000787759
1410.16	-0.00116123
1410.66	-0.0015225
1411.16	-0.00186785
1411.66	-0.00219376
1412.16	-0.00249688
1412.66	-0.00277412
1413.16	-0.00302265
1413.65	-0.00323993
1414.15	-0.00342376
1414.65	-0.00357226
1415.15	-0.00368394
1415.65	-0.00375768
1416.15	-0.00379274
1416.65	-0.00378879
1417.15	-0.00374591
1417.65	-0.00366456
1418.15	-0.00354559
1418.65	-0.00339028
1419.15	-0.00320022
1419.65	-0.00297741
1420.15	-0.00272416
1420.65	-0.00244309
1421.15	-0.00213711
1421.65	-0.00180938
1422.15	-0.00146329
1422.65	-0.0011024
1423.15	-0.000730442
1423.65	-0.00035124
1424.15	3.13015e-05
1424.65	0.000413249
1425.15	0.000790677
1425.65	0.00115971
1426.15	0.00151656
1426.65	0.00185757
1427.15	0.00217924
1427.65	0.00247829
1428.15	0.00275164
1428.65	0.00299653
1429.15	0.00321043
1429.65	0.00339119
1430.15	0.00353696
1430.65	0.00364627
1431.15	0.00371802
1431.65	0.0037515
1432.15	0.0037464
1432.65	0.00370279
1433.15	0.00362115
1433.65	0.00350235
1434.15	0.00334762
1434.65	0.00315859
1435.15	0.00293722
1435.65	0.00268582
1436.15	0.00240698
1436.65	0.00210359
1437.15	0.00177878
1437.65	0.00143592
1438.15	0.00107852
1438.65	0.000710292
1439.15	0.00033501
1439.65	-4.34606e-05
1440.15	-0.000421227
1440.65	-0.000794407
1441.15	-0.00115917
1441.65	-0.00151177
1442.15	-0.0018486
1442.65	-0.0021662
1443.15	-0.00246132
1443.65	-0.00273094
1444.15	-0.00297232
1444.65	-0.00318299
1445.15	-0.00336081
1445.65	-0.00350398
1446.15	-0.00361103
1446.65	-0.00368092
1447.15	-0.00371293
1447.65	-0.00370677
1448.15	-0.00366252
1448.65	-0.00358068
1449.15	-0.0034621
1449.65	-0.00330804
1450.15	-0.0031201
1450.65	-0.00290023
1451.15	-0.00265072
1451.65	-0.00237416
1452.15	-0.00207341
1452.65	-0.00175157
1453.15	-0.00141196
1453.65	-0.0010581
1454.15	-0.000693632
1454.64	-0.000322304
1455.14	5.20595e-05
1455.64	0.000425607
1456.14	0.0007945
1456.64	0.00115495
1457.14	0.00150325
1457.64	0.00183584
1458.14	0.00214931
1458.64	0.00244044
1459.14	0.00270627
1459.64	0.00294406
1460.14	0.00315141
1460.64	0.00332619
1461.14	0.00346664
1461.64	0.00357133
1462.14	0.00363921
1462.64	0.00366961
1463.14	0.00366224
1463.64	0.00361721
1464.14	0.00353499
1464.64	0.00341647
1465.14	0.00326288
1465.64	0.00307582
1466.14	0.00285725
1466.64	0.00260943
1467.14	0.00233492
1467.64	0.00203657
1468.14	0.00171746
1468.64	0.00138088
1469.14	0.00103031
1469.64	0.00066935
1470.14	0.000301726
1470.64	-6.878e-05
1471.14	-0.000438359
1471.64	-0.000803213
1472.14	-0.0011596
1472.64	-0.00150385
1473.14	-0.00183244
1473.64	-0.00214201
1474.14	-0.00242938
1474.64	-0.00269162
1475.14	-0.00292604
1475.64	-0.00313027
1476.14	-0.00330221
1476.64	-0.00344012
1477.14	-0.00354261
1477.64	-0.00360866
1478.14	-0.00363759
1478.64	-0.00362915
1479.14	-0.00358345
1479.64	-0.00350098
1480.14	-0.0033826
1480.64	-0.00322957
1481.14	-0.00304349
1481.64	-0.00282627
1482.14	-0.00258019
1482.64	-0.00230778
1483.14	-0.00201187
1483.64	-0.00169552
1484.14	-0.00136198
1484.64	-0.0010147
1485.14	-0.00065726
1485.64	-0.00029334
1486.14	7.3316e-05
1486.64	0.000438936
1487.14	0.000799763
1487.64	0.00115209
1488.14	0.0014923
1488.64	0.00181691
1489.14	0.00212259
1489.64	0.0024062
1490.14	0.00266486
1490.64	0.00289591
1491.14	0.003097
1491.64	0.00326608
1492.14	0.00340143
1492.64	0.0035017
1493.14	0.00356586
1493.64	0.00359328
1494.14	0.0035837
1494.64	0.00353725
1495.14	0.00345443
1495.63	0.00333612
1496.13	0.00318354
1496.63	0.0029983
1497.13	0.00278231
1497.63	0.00253782
1498.13	0.00226737
1498.63	0.00197373
1499.13	0.00165996
1499.63	0.00132928
1500.13	0.00098511
1500.63	0.00063099
1501.13	0.000270569
1501.63	-9.24462e-05
1502.13	-0.000454322
1502.63	-0.000811341
1503.13	-0.00115984
1503.63	-0.00149623
1504.13	-0.00181708
1504.63	-0.0021191
1505.13	-0.00239918
1505.63	-0.00265448
1506.13	-0.00288237
1506.63	-0.00308055
1507.13	-0.00324698
1507.63	-0.00337999
1508.13	-0.00347822
1508.63	-0.00354069
1509.13	-0.00356679
1509.63	-0.00355626
1510.13	-0.00350924
1510.63	-0.00342623
1511.13	-0.00330812
1511.63	-0.00315615
1512.13	-0.00297189
1512.63	-0.00275725
1513.13	-0.00251448
1513.63	-0.00224608
1514.13	-0.00195482
1514.63	-0.00164372
1515.13	-0.00131598
1515.63	-0.000974985
1516.13	-0.00062425
1516.63	-0.000267385
1517.13	9.19385e-05
1517.63	0.000450026
1518.13	0.000803198
1518.63	0.00114783
1519.13	0.00148038
1519.63	0.00179744
1520.13	0.00209576
1520.63	0.0023723
1521.13	0.00262421
1521.63	0.00284893
1522.13	0.00304417
1522.63	0.00320793
1523.13	0.00333856
1523.63	0.00343474
1524.13	0.00349549
1524.63	0.00352022
1525.13	0.0035087
1525.63	0.00346107
1526.13	0.00337784
1526.63	0.00325989
1527.13	0.00310845
1527.63	0.00292511
1528.13	0.00271177
1528.63	0.00247064
1529.13	0.00220422
1529.63	0.00191526
1530.13	0.00160674
1530.63	0.00128186
1531.13	0.000943953
1531.63	0.00059651
1532.13	0.000243105
1532.63	-0.000112627
1533.13	-0.000467026
1533.63	-0.000816453
1534.13	-0.00115732
1534.63	-0.00148613
1535.13	-0.0017995
1535.63	-0.00209424
1536.13	-0.00236732
1536.62	-0.00261595
1537.12	-0.00283759
1537.62	-0.00302998
1538.12	-0.00319117
1538.62	-0.00331951
1539.12	-0.00341371
1539.62	-0.00347283
1540.12	-0.00349627
1540.62	-0.00348383
1541.12	-0.00343565
1541.62	-0.00335225
1542.12	-0.00323451
1542.62	-0.00308367
1543.12	-0.00290129
1543.62	-0.00268928
1544.12	-0.00244983
1544.62	-0.00218541
1545.12	-0.00189878
1545.62	-0.00159287
1546.12	-0.00127086
1546.62	-0.000936058
1547.12	-0.000591918
1547.62	-0.000241982
1548.12	0.000110149
1548.62	0.000460855
1549.12	0.000806532
1549.62	0.00114363
1550.12	0.00146869
1550.62	0.00177838
1551.12	0.00206952
1551.62	0.00233914
1552.12	0.00258448
1552.62	0.00280303
1553.12	0.00299257
1553.62	0.00315116
1554.12	0.00327719
1554.62	0.0033694
1555.12	0.00342685
1555.62	0.00344898
1556.12	0.00343559
1556.62	0.00338682
1557.12	0.00330322
1557.62	0.00318566
1558.12	0.00303537
1558.62	0.00285392
1559.12	0.00264319
1559.62	0.00240537
1560.12	0.00214292
1560.62	0.00185856
1561.12	0.00155523
1561.62	0.00123604
1562.12	0.000904303
1562.62	0.000563428
1563.12	0.000216927
1563.62	-0.000131635
1564.12	-0.000478671
1564.62	-0.000820617
1565.12	-0.00115396
1565.62	-0.00147528
1566.12	-0.00178128
1566.62	-0.00206882
1567.12	-0.00233496
1567.62	-0.00257698
1568.12	-0.0027924
1568.62	-0.00297902
1569.12	-0.00313496
1569.62	-0.00325861
1570.12	-0.00334874
1570.62	-0.00340443
1571.12	-0.00342513
1571.62	-0.00341066
1572.12	-0.00336118
1572.62	-0.00327723
1573.12	-0.00315968
1573.62	-0.00300977
1574.12	-0.00282906
1574.62	-0.00261942
1575.12	-0.00238303
1575.62	-0.00212233
1576.12	-0.00184002
1576.62	-0.00153901
1577.12	-0.00122241
1577.61	-0.000893475
1578.11	-0.000555603
1578.61	-0.000212267
1579.11	0.000133
1579.61	0.000476649
1580.11	0.000815149
1580.61	0.00114503
1581.11	0.00146289
1581.61	0.0017655
1582.11	0.00204973
1582.61	0.00231269
1583.11	0.00255169
1583.61	0.00276427
1584.11	0.00294829
1584.61	0.00310186
1585.11	0.00322343
1585.61	0.00331177
1586.11	0.00336599
1586.61	0.00338556
1587.11	0.0033703
1587.61	0.00332039
1588.11	0.00323636
1588.61	0.00311911
1589.11	0.00296986
1589.61	0.00279016
1590.11	0.00258189
1590.61	0.0023472
1591.11	0.00208853
1591.61	0.00180854
1592.11	0.00151014
1592.61	0.0011964
1593.11	0.000870565
1593.61	0.000535986
1594.11	0.000196111
1594.61	-0.000145561
1595.11	-0.000485513
1595.61	-0.000820251
1596.11	-0.00114634
1596.61	-0.00146042
1597.11	-0.00175928
1597.61	-0.00203984
1598.11	-0.00229925
1598.61	-0.00253483
1599.11	-0.00274418
1599.61	-0.00292517
1600.11	-0.00307594
1600.61	-0.00319497
1601.11	-0.00328104
1601.61	-0.0033333
1602.11	-0.00335121
1602.61	-0.00333463
1603.11	-0.00328372
1603.61	-0.00319905
1604.11	-0.00308149
1604.61	-0.00293228
1605.11	-0.00275295
1605.61	-0.00254538
1606.11	-0.0023117
1606.61	-0.00205434
1607.11	-0.00177595
1607.61	-0.00147941
1608.11	-0.00116776
1608.61	-0.000844216
1609.11	-0.000512113
1609.61	-0.000174863
1610.11	0.000164068
1610.61	0.000501197
1611.11	0.000833064
1611.61	0.00115626
1612.11	0.00146749
1612.61	0.00176354
1613.11	0.00204139
1613.61	0.00229821
1614.11	0.00253136
1614.61	0.00273847
1615.11	0.00291744
1615.61	0.00306643
1616.11	0.00318395
1616.61	0.0032688
1617.11	0.00332014
1617.61	0.00333747
1618.11	0.00332062
1618.6	0.00326981
1619.1	0.00318558
1619.6	0.00306881
1620.1	0.00292073
1620.6	0.00274289
1621.1	0.00253714
1621.6	0.0023056
1622.1	0.00205069
1622.6	0.00177504
1623.1	0.0014815
1623.6	0.0011731
1624.1	0.000853024
1624.6	0.000524575
1625.1	0.000191137
1625.6	-0.000143855
1626.1	-0.000476953
1626.6	-0.00080473
1627.1	-0.00112382
1627.6	-0.00143094
1628.1	-0.00172293
1628.6	-0.00199681
1629.1	-0.00224976
1629.6	-0.00247919
1630.1	-0.00268276
1630.6	-0.00285837
1631.1	-0.00300425
1631.6	-0.00311891
1632.1	-0.00320118
1632.6	-0.00325022
1633.1	-0.00326556
1633.6	-0.00324706
1634.1	-0.00319491
1634.6	-0.00310967
1635.1	-0.00299224
1635.6	-0.00284383
1636.1	-0.00266598
1636.6	-0.00246055
1637.1	-0.00222964
1637.6	-0.00197565
1638.1	-0.00170119
1638.6	-0.0014091
1639.1	-0.00110238
1639.6	-0.000784198
1640.1	-0.000457816
1640.6	-0.000126594
1641.1	0.000206066
1641.6	0.000536747
1642.1	0.000862055
1642.6	0.00117866
1643.1	0.0014833
1643.6	0.00177288
1644.1	0.00204441
1644.6	0.00229514
1645.1	0.00252249
1645.6	0.00272415
1646.1	0.00289806
1646.6	0.00304246
1647.1	0.00315589
1647.6	0.00323719
1648.1	0.00328557
1648.6	0.00330054
1649.1	0.00328197
1649.6	0.00323009
1650.1	0.00314544
1650.6	0.00302891
1651.1	0.00288174
1651.6	0.00270545
1652.1	0.00250187
1652.6	0.00227311
1653.1	0.00202155
1653.6	0.00174979
1654.1	0.00146063
1654.6	0.00115706
1655.1	0.000842208
1655.6	0.000519319
1656.1	0.000191718
1656.6	-0.000137224
1657.1	-0.000464124
1657.6	-0.000785622
1658.1	-0.00109842
1658.6	-0.0013993
1659.09	-0.00168518
1659.59	-0.00195313
1660.09	-0.00220041
1660.59	-0.00242449
1661.09	-0.00262309
1661.59	-0.00279417
1662.09	-0.00293599
1662.59	-0.00304713
1663.09	-0.00312645
1663.59	-0.00317316
1664.09	-0.00318681
1664.59	-0.00316727
1665.09	-0.00311477
1665.59	-0.00302988
1666.09	-0.00291348
1666.59	-0.0027668
1667.09	-0.00259137
1667.59	-0.00238901
1668.09	-0.00216183
1668.59	-0.00191217
1669.09	-0.00164263
1669.59	-0.00135599
1670.09	-0.00105522
1670.59	-0.000743417
1671.09	-0.000423805
1671.59	-9.96794e-05
1672.09	0.000225617
1672.59	0.000548732
1673.09	0.000866338
1673.59	0.00117516
1674.09	0.00147203
1674.59	0.00175389
1675.09	0.00201784
1675.59	0.00226117
1676.09	0.00248138
1676.59	0.00267621
1677.09	0.00284366
1677.59	0.00298201
1678.09	0.00308985
1678.59	0.00316607
1679.09	0.0032099
1679.59	0.0032209
1680.09	0.00319895
1680.59	0.00314428
1681.09	0.00305747
1681.59	0.00293942
1682.09	0.00279132
1682.59	0.00261472
1683.09	0.00241143
1683.59	0.00218353
1684.09	0.00193337
1684.59	0.00166351
1685.09	0.00137673
1685.59	0.00107595
1686.09	0.000764265
1686.59	0.000444863
1687.09	0.000121011
1687.59	-0.00020398
1688.09	-0.000526788
1688.59	-0.00084412
1689.09	-0.00115274
1689.59	-0.00144949
1690.09	-0.00173137
1690.59	-0.00199551
1691.09	-0.00223921
1691.59	-0.00246002
1692.09	-0.00265571
1692.59	-0.0028243
1693.09	-0.0029641
1693.59	-0.00307371
1694.09	-0.00315207
1694.59	-0.00319839
1695.09	-0.00321226
1695.59	-0.00319359
1696.09	-0.0031426
1696.59	-0.00305987
1697.09	-0.00294631
1697.59	-0.00280312
1698.09	-0.00263183
1698.59	-0.00243424
1699.09	-0.00221244
1699.59	-0.00196874
1700.08	-0.0017057
1700.58	-0.00142608
1701.08	-0.00113277
1701.58	-0.000828851
1702.08	-0.000517475
1702.58	-0.000201886
1703.08	0.000114635
1703.58	0.000428799
1704.08	0.000737342
1704.58	0.00103706
1705.08	0.00132483
1705.58	0.00159768
1706.08	0.00185277
1706.58	0.00208745
1707.08	0.00229928
1707.58	0.00248605
1708.08	0.00264583
1708.58	0.00277695
1709.08	0.00287803
1709.58	0.00294802
1710.08	0.00298617
1710.58	0.00299207
1711.08	0.00296564
1711.58	0.00290712
1712.08	0.00281709
1712.58	0.00269646
1713.08	0.00254645
1713.58	0.00236856
1714.08	0.0021646
1714.58	0.00193665
1715.08	0.00168701
1715.58	0.00141822
1716.08	0.00113301
1716.58	0.00083429
1717.08	0.000525083
1717.58	0.000208535
1718.08	-0.00011214
1718.58	-0.000433685
1719.08	-0.000752838
1719.58	-0.00106636
1720.08	-0.00137108
1720.58	-0.00166391
1721.08	-0.00194189
1721.58	-0.00220221
1722.08	-0.00244225
1722.58	-0.0026596
1723.08	-0.00285208
1723.58	-0.00301776
1724.08	-0.003155
1724.58	-0.00326244
1725.08	-0.00333905
1725.58	-0.00338408
1726.08	-0.00339714
1726.58	-0.00337815
1727.08	-0.00332736
1727.58	-0.00324535
1728.08	-0.00313303
1728.58	-0.00299159
1729.08	-0.00282256
1729.58	-0.00262772
1730.08	-0.00240912
1730.58	-0.00216906
1731.08	-0.00191006
1731.58	-0.00163482
1732.08	-0.00134622
1732.58	-0.00104726
1733.08	-0.000741061
1733.58	-0.000430801
1734.08	-0.000119703
1734.58	0.000189002
1735.08	0.000492115
1735.58	0.000786492
1736.08	0.00106909
1736.58	0.00133697
1737.08	0.00158737
1737.58	0.00181771
1738.08	0.00202559
1738.58	0.00220887
1739.08	0.00236566
1739.58	0.00249435
1740.08	0.00259359
1740.58	0.00266237
1741.07	0.00269999
1741.57	0.00270605
1742.07	0.00268049
1742.57	0.00262359
1743.07	0.00253592
1743.57	0.00241839
1744.07	0.00227222
1744.57	0.00209891
1745.07	0.00190026
1745.57	0.0016783
1746.07	0.00143533
1746.57	0.00117385
1747.07	0.000896548
1747.57	0.000606289
1748.07	0.000306057
1748.57	-1.05623e-06
1749.07	-0.00031189
1749.57	-0.000623246
1750.07	-0.000931919
1750.57	-0.00123474
1751.07	-0.00152858
1751.57	-0.00181043
1752.07	-0.00207738
1752.57	-0.00232669
1753.07	-0.0025558
1753.57	-0.00276235
1754.07	-0.00294422
1754.57	-0.00309953
1755.07	-0.00322669
1755.57	-0.00332438
1756.07	-0.0033916
1756.57	-0.00342766
1757.07	-0.00343217
1757.57	-0.00340509
1758.07	-0.00334668
1758.57	-0.00325754
1759.07	-0.00313857
1759.57	-0.00299098
1760.07	-0.00281627
1760.57	-0.00261622
1761.07	-0.00239286
1761.57	-0.00214847
1762.07	-0.00188554
1762.57	-0.00160673
1763.07	-0.00131489
1763.57	-0.00101297
1764.07	-0.000704047
1764.57	-0.000391249
1765.07	-7.77497e-05
1765.57	0.000233277
1766.07	0.000538683
1766.57	0.000835385
1767.07	0.00112039
1767.57	0.00139082
1768.07	0.00164397
1768.57	0.0018773
1769.07	0.00208848
1769.57	0.0022754
1770.07	0.00243623
1770.57	0.00256937
1771.07	0.00267355
1771.57	0.00274777
1772.07	0.00279134
1772.57	0.00280391
1773.07	0.00278542
1773.57	0.00273615
1774.07	0.0026567
1774.57	0.00254796
1775.07	0.00241113
1775.57	0.00224772
1776.07	0.00205949
1776.57	0.00184846
1777.07	0.00161688
1777.57	0.00136722
1778.07	0.00110213
1778.57	0.000824425
1779.07	0.00053703
1779.57	0.000242987
1780.07	-5.46028e-05
1780.57	-0.000352601
1781.07	-0.000647867
1781.57	-0.000937291
1782.06	-0.00121782
1782.56	-0.00148651
1783.06	-0.00174051
1783.56	-0.00197714
1784.06	-0.00219392
1784.56	-0.00238853
1785.06	-0.00255893
1785.56	-0.00270327
1786.06	-0.00282004
1786.56	-0.00290795
1787.06	-0.00296604
1787.56	-0.00299366
1788.06	-0.00299046
1788.56	-0.00295642
1789.06	-0.00289183
1789.56	-0.00279729
1790.06	-0.00267372
1790.56	-0.00252232
1791.06	-0.00234461
1791.56	-0.00214233
1792.06	-0.00191753
1792.56	-0.00167244
1793.06	-0.00140953
1793.56	-0.00113144
1794.06	-0.00084097
1794.56	-0.000541044
1795.06	-0.000234684
1795.56	7.5024e-05
1796.06	0.000384958
1796.56	0.000691996
1797.06	0.000993044
1797.56	0.00128507
1798.06	0.00156515
1798.56	0.00183045
1799.06	0.00207832
1799.56	0.00230627
1800.06	0.00251203
1800.56	0.00269355
1801.06	0.00284902
1801.56	0.00297691
1802.06	0.00307596
1802.56	0.00314523
1803.06	0.00318407
1803.56	0.00319212
1804.06	0.00316937
1804.56	0.00311611
1805.06	0.00303293
1805.56	0.00292076
1806.06	0.00278078
1806.56	0.00261449
1807.06	0.00242364
1807.56	0.00221023
1808.06	0.0019765
1808.56	0.00172489
1809.06	0.00145801
1809.56	0.00117864
1810.06	0.00088967
1810.56	0.000594099
1811.06	0.000294982
1811.56	-4.59089e-06
1812.06	-0.000301529
1812.56	-0.000592773
1813.06	-0.000875324
1813.56	-0.00114628
1814.06	-0.00140285
1814.56	-0.00164242
1815.06	-0.00186252
1815.56	-0.00206091
1816.06	-0.00223556
1816.56	-0.0023847
1817.06	-0.00250683
1817.56	-0.0026007
1818.06	-0.00266538
1818.56	-0.00270023
1819.06	-0.00270494
1819.56	-0.00267948
1820.06	-0.00262415
1820.56	-0.00253956
1821.06	-0.00242663
1821.56	-0.00228653
1822.06	-0.00212077
1822.56	-0.00193109
1823.05	-0.00171947
1823.55	-0.00148814
1824.05	-0.00123952
1824.55	-0.000976204
1825.05	-0.000700947
1825.55	-0.000416621
1826.05	-0.000126192
1826.55	0.000167311
1827.05	0.000460829
1827.55	0.000751301
1828.05	0.0010357
1828.55	0.00131106
1829.05	0.00157451
1829.55	0.00182331
1830.05	0.00205484
1830.55	0.00226671
1831.05	0.00245668
1831.55	0.00262276
1832.05	0.00276322
1832.55	0.00287656
1833.05	0.00296159
1833.55	0.0030174
1834.05	0.00304336
1834.55	0.00303918
1835.05	0.00300486
1835.55	0.00294071
1836.05	0.00284736
1836.55	0.00272572
1837.05	0.002577
1837.55	0.0024027
1838.05	0.00220455
1838.55	0.00198455
1839.05	0.00174493
1839.55	0.00148809
1840.05	0.00121663
1840.55	0.000933302
1841.05	0.000640957
1841.55	0.000342554
1842.05	4.11103e-05
1842.55	-0.000260328
1843.05	-0.000558717
1843.55	-0.000851042
1844.05	-0.00113435
1844.55	-0.0014058
1845.05	-0.00166264
1845.55	-0.00190229
1846.05	-0.00212236
1846.55	-0.00232063
1847.05	-0.00249513
1847.55	-0.00264411
1848.05	-0.00276612
1848.55	-0.00285994
1849.05	-0.00292468
1849.55	-0.00295972
1850.05	-0.00296476
1850.55	-0.0029398
1851.05	-0.00288515
1851.55	-0.00280143
1852.05	-0.00268954
1852.55	-0.00255069
1853.05	-0.00238634
1853.55	-0.00219822
1854.05	-0.00198831
1854.55	-0.00175881
1855.05	-0.00151211
1855.55	-0.00125078
1856.05	-0.00097753
1856.55	-0.000695197
1857.05	-0.000406706
1857.55	-0.000115041
1858.05	0.000176782
1858.55	0.000465752
1859.05	0.000748889
1859.55	0.00102328
1860.05	0.00128609
1860.55	0.00153463
1861.05	0.00176635
1861.55	0.00197886
1862.05	0.00217
1862.55	0.00233782
1863.05	0.00248059
1863.55	0.00259687
1864.04	0.00268549
1864.54	0.00274556
1865.04	0.00277648
1865.54	0.00277796
1866.04	0.00275001
1866.54	0.00269296
1867.04	0.0026074
1867.54	0.00249427
1868.04	0.00235474
1868.54	0.00219028
1869.04	0.00200263
1869.54	0.00179374
1870.04	0.00156578
1870.54	0.00132114
1871.04	0.00106237
1871.54	0.000792148
1872.04	0.000513291
1872.54	0.000228695
1873.04	-5.86856e-05
1873.54	-0.000345867
1874.04	-0.00062987
1874.54	-0.000907748
1875.04	-0.00117662
1875.54	-0.00143369
1876.04	-0.00167631
1876.54	-0.00190194
1877.04	-0.00210826
1877.54	-0.00229311
1878.04	-0.00245459
1878.54	-0.00259101
1879.04	-0.00270095
1879.54	-0.00278326
1880.04	-0.00283709
1880.54	-0.00286186
1881.04	-0.0028573
1881.54	-0.00282345
1882.04	-0.00276065
1882.54	-0.00266951
1883.04	-0.00255097
1883.54	-0.00240623
1884.04	-0.00223677
1884.54	-0.00204431
1885.04	-0.00183081
1885.54	-0.00159847
1886.04	-0.00134964
1886.54	-0.00108688
1887.04	-0.000812863
1887.54	-0.000530398
1888.04	-0.000242371
1888.54	4.82762e-05
1889.04	0.000338572
1889.54	0.000625551
1890.04	0.000906282
1890.54	0.0011779
1891.04	0.00143762
1891.54	0.00168281
1892.04	0.00191095
1892.54	0.00211973
1893.04	0.00230701
1893.54	0.0024709
1894.04	0.00260971
1894.54	0.00272206
1895.04	0.00280678
1895.54	0.00286304
1896.04	0.00289027
1896.54	0.00288821
1897.04	0.00285688
1897.54	0.00279662
1898.04	0.00270806
1898.54	0.00259212
1899.04	0.00245
1899.54	0.00228315
1900.04	0.00209331
1900.54	0.00188241
1901.04	0.00165263
1901.54	0.00140631
1902.04	0.00114599
1902.54	0.000874334
1903.04	0.000594111
1903.54	0.000308191
1904.04	1.94926e-05
1904.54	-0.000269038
1905.03	-0.000554458
1905.53	-0.000833862
1906.03	-0.00110441
1906.53	-0.00136334
1907.03	-0.00160805
1907.53	-0.00183604
1908.03	-0.00204501
1908.53	-0.00223286
1909.03	-0.00239769
1909.53	-0.00253786
1910.03	-0.00265198
1910.53	-0.00273891
1911.03	-0.00279781
1911.53	-0.00282814
1912.03	-0.00282961
1912.53	-0.00280228
1913.03	-0.00274646
1913.53	-0.0026628
1914.03	-0.00255219
1914.53	-0.00241582
1915.03	-0.00225515
1915.53	-0.00207188
1916.03	-0.00186793
1916.53	-0.00164545
1917.03	-0.00140676
1917.53	-0.00115438
1918.03	-0.000890924
1918.53	-0.000619147
1919.03	-0.000341879
1919.53	-6.20033e-05
1920.03	0.00021757
1920.53	0.000493939
1921.03	0.000764234
1921.53	0.00102565
1922.03	0.00127549
1922.53	0.00151115
1923.03	0.0017302
1923.53	0.00193038
1924.03	0.00210961
1924.53	0.00226605
1925.03	0.00239808
1925.53	0.00250433
1926.03	0.00258373
1926.53	0.00263545
1927.03	0.00265897
1927.53	0.00265404
1928.03	0.00262074
1928.53	0.0025594
1929.03	0.00247068
1929.53	0.00235551
1930.03	0.00221507
1930.53	0.00205083
1931.03	0.00186451
1931.53	0.00165802
1932.03	0.00143353
1932.53	0.00119335
1933.03	0.000939988
1933.53	0.000676064
1934.03	0.000404319
1934.53	0.000127575
1935.03	-0.000151298
1935.53	-0.000429402
1936.03	-0.000703851
1936.53	-0.000971793
1937.03	-0.00123044
1937.53	-0.00147711
1938.03	-0.00170922
1938.53	-0.00192436
1939.03	-0.00212029
1939.53	-0.00229494
1940.03	-0.0024465
1940.53	-0.00257336
1941.03	-0.00267418
1941.53	-0.00274789
1942.03	-0.00279368
1942.53	-0.00281105
1943.03	-0.00279977
1943.53	-0.0027599
1944.03	-0.00269182
1944.53	-0.00259617
1945.03	-0.00247388
1945.53	-0.00232617
1946.02	-0.00215449
1946.52	-0.00196055
1947.02	-0.00174629
1947.52	-0.00151384
1948.02	-0.00126555
1948.52	-0.0010039
1949.02	-0.000731501
1949.52	-0.000451101
1950.02	-0.000165509
1950.52	0.00012241
1951.02	0.000409767
1951.52	0.000693682
1952.02	0.000971312
1952.52	0.00123988
1953.02	0.00149669
1953.52	0.0017392
1954.02	0.00196497
1954.52	0.00217178
1955.02	0.00235757
1955.52	0.00252051
1956.02	0.00265901
1956.52	0.00277171
1957.02	0.00285754
1957.52	0.00291568
1958.02	0.00294561
1958.52	0.0029471
1959.02	0.00292021
1959.52	0.00286527
1960.02	0.00278291
1960.52	0.00267405
1961.02	0.00253986
1961.52	0.00238178
1962.02	0.00220148
1962.52	0.00200087
1963.02	0.00178205
1963.52	0.00154732
1964.02	0.00129913
1964.52	0.00104004
1965.02	0.000772771
1965.52	0.000500073
1966.02	0.000224773
1966.52	-5.02879e-05
1967.02	-0.000322274
1967.52	-0.000588389
1968.02	-0.000845898
1968.52	-0.00109216
1969.02	-0.00132467
1969.52	-0.00154104
1970.02	-0.00173907
1970.52	-0.00191677
1971.02	-0.00207233
1971.52	-0.0022042
1972.02	-0.00231105
1972.52	-0.00239185
1973.02	-0.00244581
1973.52	-0.00247244
1974.02	-0.00247152
1974.52	-0.00244312
1975.02	-0.00238761
1975.52	-0.00230563
1976.02	-0.00219809
1976.52	-0.00206618
1977.02	-0.00191134
1977.52	-0.00173524
1978.02	-0.00153977
1978.52	-0.00132705
1979.02	-0.00109933
1979.52	-0.000859065
1980.02	-0.00060881
1980.52	-0.000351236
1981.02	-8.90877e-05
1981.52	0.000174841
1982.02	0.000437737
1982.52	0.000696798
1983.02	0.000949257
1983.52	0.00119242
1984.02	0.00142368
1984.52	0.00164056
1985.02	0.00184072
1985.52	0.00202201
1986.02	0.00218245
1986.52	0.0023203
1987.01	0.00243402
1987.51	0.00252236
1988.01	0.00258428
1988.51	0.00261907
1989.01	0.00262624
1989.51	0.00260563
1990.01	0.00255734
1990.51	0.00248177
1991.01	0.00237959
1991.51	0.00225175
1992.01	0.00209946
1992.51	0.00192418
1993.01	0.00172763
1993.51	0.00151171
1994.01	0.00127854
1994.51	0.00103044
1995.01	0.000769845
1995.51	0.000499344
1996.01	0.000221622
1996.51	-6.05591e-05
1997.01	-0.00034439
1997.51	-0.000627042
1998.01	-0.0009057
1998.51	-0.00117758
1999.01	-0.00143998
1999.51	-0.00169028
2000.01	-0.00192598
2000.51	-0.00214474
2001.01	-0.00234438
2001.51	-0.00252292
2002.01	-0.00267858
2002.51	-0.00280984
2003.01	-0.00291539
2003.51	-0.00299421
2004.01	-0.00304554
2004.51	-0.00306889
2005.01	-0.00306406
2005.51	-0.00303113
2006.01	-0.00297047
2006.51	-0.00288273
2007.01	-0.00276883
2007.51	-0.00262995
2008.01	-0.00246751
2008.51	-0.00228319
2009.01	-0.00207887
2009.51	-0.00185664
2010.01	-0.00161877
2010.51	-0.00136765
2011.01	-0.00110585
2011.51	-0.000836012
2012.01	-0.000560854
2012.51	-0.000283152
2013.01	-5.69574e-06
2013.51	0.000268734
2014.01	0.000537393
2014.51	0.000797606
2015.01	0.00104679
2015.51	0.00128247
2016.01	0.00150235
2016.51	0.00170426
2017.01	0.00188624
2017.51	0.00204656
2018.01	0.00218368
2018.51	0.00229633
2019.01	0.00238348
2019.51	0.0024444
2020.01	0.00247858
2020.51	0.00248584
2021.01	0.00246624
2021.51	0.00242016
2022.01	0.00234821
2022.51	0.00225131
2023.01	0.0021306
2023.51	0.00198751
2024.01	0.00182366
2024.51	0.0016409
2025.01	0.00144129
2025.51	0.00122705
2026.01	0.00100054
2026.51	0.000764259
2027.01	0.000520809
2027.51	0.000272855
2028	2.31128e-05
2028.5	-0.000225689
2029	-0.000470831
2029.5	-0.000709635
2030	-0.00093949
2030.5	-0.00115788
2031	-0.00136241
2031.5	-0.00155083
2032	-0.00172105
2032.5	-0.0018712
2033	-0.00199959
2033.5	-0.00210476
2034	-0.00218552
2034.5	-0.0022409
2035	-0.00227021
2035.5	-0.00227305
2036	-0.00224927
2036.5	-0.00219902
2037	-0.0021227
2037.5	-0.00202102
2038	-0.00189492
2038.5	-0.00174562
2039	-0.00157457
2039.5	-0.00138346
2040	-0.00117419
2040.5	-0.000948835
2041	-0.000709668
2041.5	-0.000459092
2042	-0.000199638
2042.5	6.6066e-05
2043	0.000335322
2043.5	0.00060539
2044	0.000873514
2044.5	0.00113695
2045	0.00139301
2045.5	0.00163905
2046	0.00187254
2046.5	0.00209108
2047	0.00229239
2047.5	0.00247439
2048	0.00263517
