1	-0.245036
1.49988	-0.24239
1.99976	-0.238706
2.49963	-0.234001
2.99951	-0.228301
3.49939	-0.221635
3.99927	-0.214037
4.49915	-0.205547
4.99902	-0.196209
5.4989	-0.186069
5.99878	-0.175181
6.49866	-0.163601
6.99853	-0.151387
7.49841	-0.138603
7.99829	-0.125313
8.49817	-0.111585
8.99805	-0.0974886
9.49792	-0.0830959
9.9978	-0.0684792
10.4977	-0.053712
10.9976	-0.0388683
11.4974	-0.0240224
11.9973	-0.00924796
12.4972	0.00538188
12.9971	0.0197952
13.4969	0.0339215
13.9968	0.0476921
14.4967	0.0610408
14.9966	0.0739039
15.4965	0.0862204
15.9963	0.0979329
16.4962	0.108987
16.9961	0.119333
17.496	0.128925
17.9958	0.137721
18.4957	0.145683
18.9956	0.152779
19.4955	0.158982
19.9954	0.164268
20.4952	0.16862
20.9951	0.172025
21.495	0.174476
21.9949	0.175971
22.4947	0.176513
22.9946	0.17611
23.4945	0.174776
23.9944	0.172527
24.4943	0.169388
24.9941	0.165386
25.494	0.160552
25.9939	0.154924
26.4938	0.14854
26.9937	0.141447
27.4935	0.13369
27.9934	0.12532
28.4933	0.116392
28.9932	0.10696
29.493	0.097085
29.9929	0.0868253
30.4928	0.0762433
30.9927	0.0654019
31.4926	0.0543647
31.9924	0.043196
32.4923	0.0319599
32.9922	0.0207204
33.4921	0.00954064
33.9919	-0.00151706
34.4918	-0.0123919
34.9917	-0.0230246
35.4916	-0.0333583
35.9915	-0.0433379
36.4913	-0.0529114
36.9912	-0.0620295
37.4911	-0.0706462
37.991	-0.0787186
38.4908	-0.0862077
38.9907	-0.0930783
39.4906	-0.099299
39.9905	-0.104843
40.4904	-0.109686
40.9902	-0.113811
41.4901	-0.117203
41.99	-0.119853
42.4899	-0.121754
42.9897	-0.122907
43.4896	-0.123314
43.9895	-0.122984
44.4894	-0.121928
44.9893	-0.120163
45.4891	-0.117709
45.989	-0.11459
46.4889	-0.110834
46.9888	-0.106471
47.4886	-0.101537
47.9885	-0.0960688
48.4884	-0.0901062
48.9883	-0.0836921
49.4882	-0.0768712
49.988	-0.0696903
50.4879	-0.0621976
50.9878	-0.0544429
51.4877	-0.0464766
51.9875	-0.0383501
52.4874	-0.0301151
52.9873	-0.0218231
53.4872	-0.0135256
53.9871	-0.0052734
54.4869	0.00288351
54.9868	0.0108964
55.4867	0.018718
55.9866	0.0263026
56.4864	0.0336067
56.9863	0.040589
57.4862	0.0472106
57.9861	0.0534352
58.486	0.0592296
58.9858	0.0645634
59.4857	0.0694095
59.9856	0.0737443
60.4855	0.0775473
60.9853	0.0808018
61.4852	0.0834946
61.9851	0.0856162
62.485	0.0871607
62.9849	0.0881259
63.4847	0.0885133
63.9846	0.0883277
64.4845	0.0875778
64.9844	0.0862756
65.4842	0.0844363
65.9841	0.0820785
66.484	0.0792236
66.9839	0.0758961
67.4838	0.0721231
67.9836	0.0679341
68.4835	0.0633612
68.9834	0.0584381
69.4833	0.0532008
69.9832	0.0476866
70.483	0.0419342
70.9829	0.0359834
71.4828	0.0298747
71.9827	0.0236493
72.4825	0.0173487
72.9824	0.0110143
73.4823	0.00468736
73.9822	-0.0015915
74.4821	-0.00778228
74.9819	-0.013846
75.4818	-0.019745
75.9817	-0.025443
76.4816	-0.0309054
76.9814	-0.0360995
77.4813	-0.0409948
77.9812	-0.0455628
78.4811	-0.0497775
78.981	-0.0536157
79.4808	-0.0570564
79.9807	-0.0600819
80.4806	-0.0626769
80.9805	-0.0648294
81.4803	-0.0665301
81.9802	-0.067773
82.4801	-0.0685548
82.98	-0.0688755
83.4799	-0.068738
83.9797	-0.0681481
84.4796	-0.0671145
84.9795	-0.0656486
85.4794	-0.0637648
85.9792	-0.0614796
86.4791	-0.0588124
86.979	-0.0557847
87.4789	-0.05242
87.9788	-0.0487439
88.4786	-0.0447839
88.9785	-0.0405689
89.4784	-0.0361292
89.9783	-0.0314963
90.4781	-0.0267028
90.978	-0.0217817
91.4779	-0.0167669
91.9778	-0.0116924
92.4777	-0.00659208
92.9775	-0.00150004
93.4774	0.00355023
93.9773	0.00852578
94.4772	0.0133944
94.977	0.0181251
95.4769	0.0226877
95.9768	0.0270538
96.4767	0.0311964
96.9766	0.0350901
97.4764	0.0387115
97.9763	0.0420392
98.4762	0.0450539
98.9761	0.0477386
99.4759	0.0500785
99.9758	0.0520613
100.476	0.0536772
100.976	0.0549189
101.475	0.0557815
101.975	0.0562627
102.475	0.056363
102.975	0.056085
103.475	0.055434
103.975	0.0544178
104.475	0.0530463
104.975	0.051332
105.474	0.0492892
105.974	0.0469345
106.474	0.0442864
106.974	0.0413651
107.474	0.0381924
107.974	0.0347917
108.474	0.0311878
108.974	0.0274064
109.474	0.0234743
109.973	0.019419
110.473	0.0152688
110.973	0.0110521
111.473	0.00679769
111.973	0.00253435
112.473	-0.00170933
112.973	-0.00590515
113.473	-0.0100254
113.972	-0.0140432
114.472	-0.0179324
114.972	-0.0216681
115.472	-0.0252266
115.972	-0.0285854
116.472	-0.0317236
116.972	-0.0346221
117.472	-0.0372633
117.971	-0.0396316
118.471	-0.0417133
118.971	-0.0434968
119.471	-0.0449724
119.971	-0.0461327
120.471	-0.0469725
120.971	-0.0474886
121.471	-0.04768
121.97	-0.0475481
122.47	-0.0470962
122.97	-0.0463299
123.47	-0.0452568
123.97	-0.0438864
124.47	-0.0422303
124.97	-0.0403017
125.47	-0.0381158
125.969	-0.0356891
126.469	-0.0330399
126.969	-0.0301876
127.469	-0.027153
127.969	-0.0239578
128.469	-0.0206248
128.969	-0.0171774
129.469	-0.0136398
129.968	-0.0100363
130.468	-0.00639182
130.968	-0.00273115
131.468	0.000920906
131.968	0.0045398
132.468	0.00810137
132.968	0.011582
133.468	0.0149589
133.968	0.0182099
134.467	0.021314
134.967	0.0242514
135.467	0.0270034
135.967	0.0295528
136.467	0.0318837
136.967	0.033982
137.467	0.0358352
137.967	0.0374324
138.466	0.0387646
138.966	0.0398248
139.466	0.0406075
139.966	0.0411095
140.466	0.0413293
140.966	0.0412673
141.466	0.0409259
141.966	0.0403093
142.465	0.0394235
142.965	0.0382763
143.465	0.0368774
143.965	0.0352377
144.465	0.03337
144.965	0.0312885
145.465	0.0290088
145.965	0.0265474
146.464	0.0239223
146.964	0.0211523
147.464	0.0182572
147.964	0.0152574
148.464	0.0121737
148.964	0.00902779
149.464	0.00584122
149.964	0.00263587
150.463	-0.000566421
150.963	-0.00374399
151.463	-0.00687546
151.963	-0.00993991
152.463	-0.012917
152.963	-0.0157871
153.463	-0.0185315
153.963	-0.0211323
154.463	-0.0235728
154.962	-0.0258376
155.462	-0.0279122
155.962	-0.0297839
156.462	-0.0314411
156.962	-0.0328741
157.462	-0.0340745
157.962	-0.0350355
158.462	-0.0357521
158.961	-0.036221
159.461	-0.0364405
159.961	-0.0364105
160.461	-0.0361329
160.961	-0.0356111
161.461	-0.0348499
161.961	-0.0338561
162.461	-0.0326378
162.96	-0.0312046
163.46	-0.0295675
163.96	-0.0277389
164.46	-0.0257322
164.96	-0.0235623
165.46	-0.0212448
165.96	-0.0187962
166.46	-0.0162341
166.959	-0.0135765
167.459	-0.0108419
167.959	-0.00804953
168.459	-0.00521857
168.959	-0.00236852
169.459	0.000481143
169.959	0.00331104
170.459	0.00610206
170.958	0.00883543
171.458	0.0114929
171.958	0.0140569
172.458	0.0165104
172.958	0.0188374
173.458	0.0210228
173.958	0.0230525
174.458	0.0249136
174.958	0.0265944
175.457	0.0280844
175.957	0.0293746
176.457	0.0304572
176.957	0.0313262
177.457	0.0319766
177.957	0.0324054
178.457	0.0326108
178.957	0.0325927
179.456	0.0323523
179.956	0.0318926
180.456	0.0312177
180.956	0.0303337
181.456	0.0292474
181.956	0.0279675
182.456	0.0265037
182.956	0.0248669
183.455	0.0230693
183.955	0.0211239
184.455	0.0190447
184.955	0.0168467
185.455	0.0145453
185.955	0.012157
186.455	0.00969827
186.955	0.00718637
187.454	0.00463865
187.954	0.00207266
188.454	-0.000494013
188.954	-0.00304388
189.454	-0.00555966
189.954	-0.00802437
190.454	-0.0104215
190.954	-0.012735
191.453	-0.0149496
191.953	-0.0170507
192.453	-0.0190245
192.953	-0.0208583
193.453	-0.0225402
193.953	-0.0240595
194.453	-0.0254068
194.953	-0.0265737
195.453	-0.027553
195.952	-0.0283392
196.452	-0.0289278
196.952	-0.0293158
197.452	-0.0295016
197.952	-0.0294848
198.452	-0.0292666
198.952	-0.0288494
199.452	-0.0282372
199.951	-0.0274351
200.451	-0.0264493
200.951	-0.0252877
201.451	-0.0239589
201.951	-0.0224729
202.451	-0.0208405
202.951	-0.0190737
203.451	-0.017185
203.95	-0.015188
204.45	-0.0130969
204.95	-0.0109264
205.45	-0.00869159
205.95	-0.00640813
206.45	-0.00409183
206.95	-0.00175864
207.45	0.000575417
207.949	0.0028944
208.449	0.00518256
208.949	0.0074244
209.449	0.00960484
209.949	0.0117093
210.449	0.0137237
210.949	0.0156348
211.449	0.0174299
211.948	0.0190974
212.448	0.0206265
212.948	0.0220073
213.448	0.0232311
213.948	0.0242903
214.448	0.0251783
214.948	0.02589
215.448	0.0264212
215.947	0.0267692
216.447	0.0269324
216.947	0.0269105
217.447	0.0267045
217.947	0.0263167
218.447	0.0257505
218.947	0.0250107
219.447	0.0241029
219.947	0.0230343
220.446	0.0218127
220.946	0.0204473
221.446	0.018948
221.946	0.0173257
222.446	0.015592
222.946	0.0137592
223.446	0.0118403
223.946	0.00984883
224.445	0.00779867
224.945	0.00570412
225.445	0.00357967
225.945	0.00144
226.445	-0.00070021
226.945	-0.00282632
227.445	-0.00492386
227.945	-0.00697861
228.444	-0.00897671
228.944	-0.0109047
229.444	-0.0127498
229.944	-0.0144996
230.444	-0.0161427
230.944	-0.0176683
231.444	-0.0190663
231.944	-0.0203279
232.443	-0.0214448
232.943	-0.0224103
233.443	-0.0232182
233.943	-0.0238637
234.443	-0.024343
234.943	-0.0246537
235.443	-0.0247942
235.943	-0.0247644
236.442	-0.0245651
236.942	-0.0241984
237.442	-0.0236676
237.942	-0.0229769
238.442	-0.0221317
238.942	-0.0211385
239.442	-0.0200047
239.942	-0.0187385
240.442	-0.0173492
240.941	-0.0158469
241.441	-0.0142422
241.941	-0.0125466
242.441	-0.010772
242.941	-0.00893093
243.441	-0.00703623
243.941	-0.00510109
244.441	-0.00313892
244.94	-0.00116325
245.44	0.000812323
245.94	0.00277429
246.44	0.00470928
246.94	0.00660414
247.44	0.00844607
247.94	0.0102227
248.44	0.011922
248.939	0.0135329
249.439	0.0150444
249.939	0.0164468
250.439	0.0177308
250.939	0.0188882
251.439	0.0199114
251.939	0.0207941
252.439	0.0215306
252.938	0.0221166
253.438	0.0225487
253.938	0.0228243
254.438	0.0229424
254.938	0.0229027
255.438	0.022706
255.938	0.0223544
256.438	0.0218508
256.937	0.0211992
257.437	0.0204048
257.937	0.0194735
258.437	0.0184121
258.937	0.0172285
259.437	0.0159312
259.937	0.0145296
260.437	0.0130337
260.937	0.0114539
261.436	0.00980162
261.936	0.00808829
262.436	0.00632591
262.936	0.00452674
263.436	0.00270324
263.936	0.000868006
264.436	-0.000966354
264.936	-0.00278727
265.435	-0.00458233
265.935	-0.00633932
266.435	-0.00804634
266.935	-0.00969189
267.435	-0.0112649
267.935	-0.0127549
268.435	-0.014152
268.935	-0.0154469
269.434	-0.0166311
269.934	-0.017697
270.434	-0.0186376
270.934	-0.019447
271.434	-0.0201201
271.934	-0.0206528
272.434	-0.0210419
272.934	-0.0212853
273.433	-0.0213819
273.933	-0.0213316
274.433	-0.0211351
274.933	-0.0207944
275.433	-0.0203124
275.933	-0.0196928
276.433	-0.0189403
276.933	-0.0180607
277.432	-0.0170604
277.932	-0.0159467
278.432	-0.0147277
278.932	-0.0134119
279.432	-0.0120089
279.932	-0.0105286
280.432	-0.0089813
280.932	-0.00737793
281.432	-0.00572966
281.931	-0.00404794
282.431	-0.00234443
282.931	-0.000630886
283.431	0.00108092
283.931	0.00277926
284.431	0.00445252
284.931	0.00608933
285.431	0.0076786
285.93	0.00920958
286.43	0.010672
286.93	0.012056
287.43	0.0133525
287.93	0.0145528
288.43	0.015649
288.93	0.016634
289.43	0.0175013
289.929	0.0182456
290.429	0.018862
290.929	0.0193468
291.429	0.0196971
291.929	0.0199109
292.429	0.0199873
292.929	0.0199262
293.429	0.0197285
293.928	0.019396
294.428	0.0189314
294.928	0.0183384
295.428	0.0176215
295.928	0.016786
296.428	0.015838
296.928	0.0147844
297.428	0.0136328
297.927	0.0123914
298.427	0.0110691
298.927	0.00967508
299.427	0.00821928
299.927	0.00671184
300.427	0.00516327
300.927	0.00358434
301.427	0.00198598
301.926	0.000379215
302.426	-0.0012249
302.926	-0.00281537
303.426	-0.00438133
303.926	-0.00591212
304.426	-0.00739734
304.926	-0.00882695
305.426	-0.0101913
305.926	-0.0114813
306.425	-0.0126883
306.925	-0.0138043
307.425	-0.0148219
307.925	-0.0157345
308.425	-0.0165362
308.925	-0.0172217
309.425	-0.0177868
309.925	-0.0182279
310.424	-0.0185425
310.924	-0.0187288
311.424	-0.0187859
311.924	-0.0187138
312.424	-0.0185135
312.924	-0.0181867
313.424	-0.017736
313.924	-0.017165
314.423	-0.0164779
314.923	-0.0156799
315.423	-0.0147767
315.923	-0.0137749
316.423	-0.0126817
316.923	-0.0115048
317.423	-0.0102526
317.923	-0.00893387
318.422	-0.00755796
318.922	-0.00613445
319.422	-0.00467325
319.922	-0.00318451
320.422	-0.00167853
320.922	-0.0001657
321.422	0.00134357
321.922	0.00283895
322.421	0.0043102
322.921	0.0057473
323.421	0.0071405
323.921	0.00848037
324.421	0.00975787
324.921	0.0109644
325.421	0.012092
325.921	0.013133
326.421	0.0140807
326.92	0.0149287
327.42	0.0156717
327.92	0.0163047
328.42	0.0168238
328.92	0.0172257
329.42	0.0175082
329.92	0.0176695
330.42	0.0177089
330.919	0.0176266
331.419	0.0174234
331.919	0.0171012
332.419	0.0166624
332.919	0.0161105
333.419	0.0154496
333.919	0.0146845
334.419	0.0138209
334.918	0.0128649
335.418	0.0118233
335.918	0.0107036
336.418	0.00951372
336.918	0.00826201
337.418	0.00695724
337.918	0.00560854
338.418	0.0042253
338.917	0.00281712
339.417	0.00139373
339.917	-3.50286e-05
340.417	-0.00145934
340.917	-0.00286944
341.417	-0.00425569
341.917	-0.00560862
342.417	-0.00691905
342.916	-0.0081781
343.416	-0.00937727
343.916	-0.0105085
344.416	-0.0115642
344.916	-0.0125374
345.416	-0.0134216
345.916	-0.014211
346.416	-0.0149004
346.916	-0.0154854
347.415	-0.0159623
347.915	-0.016328
348.415	-0.0165805
348.915	-0.0167183
349.415	-0.0167408
349.915	-0.0166481
350.415	-0.0164413
350.915	-0.016122
351.414	-0.0156927
351.914	-0.0151568
352.414	-0.0145182
352.914	-0.0137816
353.414	-0.0129523
353.914	-0.0120363
354.414	-0.0110401
354.914	-0.00997077
355.413	-0.00883586
355.913	-0.00764335
356.413	-0.0064016
356.913	-0.00511928
357.413	-0.00380529
357.913	-0.00246876
358.413	-0.00111892
358.913	0.000234903
359.412	0.00158341
359.912	0.00291736
360.412	0.00422761
360.912	0.00550525
361.412	0.00674157
361.912	0.0079282
362.412	0.00905714
362.912	0.0101208
363.411	0.011112
363.911	0.0120241
364.411	0.0128512
364.911	0.0135878
365.411	0.0142289
365.911	0.0147706
366.411	0.0152094
366.911	0.0155425
367.411	0.0157678
367.91	0.0158843
368.41	0.0158913
368.91	0.0157891
369.41	0.0155787
369.91	0.0152618
370.41	0.014841
370.91	0.0143193
371.41	0.0137006
371.909	0.0129895
372.409	0.012191
372.909	0.011311
373.409	0.0103556
373.909	0.00933158
374.409	0.00824624
374.909	0.00710715
375.409	0.00592229
375.908	0.00469993
376.408	0.00344855
376.908	0.00217685
377.408	0.000893601
377.908	-0.000392338
378.408	-0.00167212
378.908	-0.00293698
379.408	-0.00417826
379.907	-0.00538748
380.407	-0.00655643
380.907	-0.00767717
381.407	-0.00874214
381.907	-0.00974415
382.407	-0.0106765
382.907	-0.0115329
383.407	-0.0123078
383.906	-0.0129959
384.406	-0.0135929
384.906	-0.0140947
385.406	-0.0144983
385.906	-0.0148011
386.406	-0.0150013
386.906	-0.0150977
387.406	-0.01509
387.905	-0.0149785
388.405	-0.0147643
388.905	-0.014449
389.405	-0.0140351
389.905	-0.0135256
390.405	-0.0129244
390.905	-0.0122358
391.405	-0.0114648
391.905	-0.0106168
392.404	-0.00969787
392.904	-0.00871453
393.404	-0.00767369
393.904	-0.00658266
394.404	-0.00544904
394.904	-0.00428076
395.404	-0.00308591
395.904	-0.00187278
396.403	-0.000649759
396.903	0.000574727
397.403	0.00179226
397.903	0.00299448
398.403	0.00417317
398.903	0.00532028
399.403	0.00642801
399.903	0.00748884
400.402	0.00849559
400.902	0.00944149
401.402	0.0103202
401.902	0.0111258
402.402	0.0118529
402.902	0.0124968
403.402	0.0130533
403.902	0.0135186
404.401	0.01389
404.901	0.0141649
405.401	0.0143418
405.901	0.0144197
406.401	0.0143983
406.901	0.014278
407.401	0.0140599
407.901	0.0137457
408.4	0.0133377
408.9	0.0128391
409.4	0.0122535
409.9	0.0115851
410.4	0.0108387
410.9	0.0100196
411.4	0.00913362
411.9	0.00818705
412.4	0.00718653
412.899	0.00613905
413.399	0.00505193
413.899	0.00393274
414.399	0.00278926
414.899	0.00162939
415.399	0.000461164
415.899	-0.000707381
416.399	-0.00186821
416.898	-0.00301335
417.398	-0.00413498
417.898	-0.00522544
418.398	-0.0062773
418.898	-0.00728343
419.398	-0.00823702
419.898	-0.00913164
420.398	-0.00996127
420.897	-0.0107204
421.397	-0.0114039
421.897	-0.0120073
422.397	-0.0125266
422.897	-0.0129586
423.397	-0.0133003
423.897	-0.0135496
424.397	-0.0137052
424.896	-0.013766
425.396	-0.013732
425.896	-0.0136036
426.396	-0.0133818
426.896	-0.0130685
427.396	-0.0126659
427.896	-0.0121772
428.396	-0.0116057
428.895	-0.0109557
429.395	-0.0102319
429.895	-0.00943925
430.395	-0.0085835
430.895	-0.00767064
431.395	-0.0067071
431.895	-0.0056996
432.395	-0.00465519
432.895	-0.00358112
433.394	-0.00248486
433.894	-0.00137399
434.394	-0.000256186
434.894	0.000860847
435.394	0.00196943
435.894	0.00306196
436.394	0.00413096
436.894	0.00516912
437.393	0.00616939
437.893	0.00712497
438.393	0.00802938
438.893	0.00887652
439.393	0.0096607
439.893	0.0103767
440.393	0.0110196
440.893	0.0115854
441.392	0.0120702
441.892	0.0124708
442.392	0.0127848
442.892	0.0130102
443.392	0.0131455
443.892	0.0131901
444.392	0.0131439
444.892	0.0130074
445.391	0.0127818
445.891	0.0124687
446.391	0.0120705
446.891	0.0115902
447.391	0.0110313
447.891	0.0103977
448.391	0.00969395
448.891	0.00892512
449.39	0.0080966
449.89	0.00721421
450.39	0.00628416
450.89	0.00531294
451.39	0.00430731
451.89	0.00327428
452.39	0.002221
452.89	0.00115476
453.389	8.29238e-05
453.889	-0.000987123
454.389	-0.00204803
454.889	-0.00309251
455.389	-0.00411343
455.889	-0.00510382
456.389	-0.00605692
456.889	-0.00696628
457.389	-0.00782572
457.888	-0.00862945
458.388	-0.00937206
458.888	-0.0100486
459.388	-0.0106545
459.888	-0.0111858
460.388	-0.011639
460.888	-0.0120111
461.388	-0.0122998
461.887	-0.0125033
462.387	-0.0126203
462.887	-0.0126502
463.387	-0.012593
463.887	-0.0124493
464.387	-0.0122203
464.887	-0.0119077
465.387	-0.0115138
465.886	-0.0110416
466.386	-0.0104944
466.886	-0.00987624
467.386	-0.00919143
467.886	-0.00844485
468.386	-0.00764178
468.886	-0.00678786
469.386	-0.00588907
469.885	-0.00495168
470.385	-0.00398224
470.885	-0.00298748
471.385	-0.00197428
471.885	-0.000949678
472.385	7.92708e-05
472.885	0.00110547
473.385	0.00212188
473.884	0.00312151
474.384	0.00409753
474.884	0.00504327
475.384	0.00595228
475.884	0.0068184
476.384	0.00763575
476.884	0.0083988
477.384	0.00910243
477.884	0.00974192
478.383	0.010313
478.883	0.0108119
479.383	0.0112353
479.883	0.0115804
480.383	0.0118452
480.883	0.0120278
481.383	0.0121272
481.883	0.0121429
482.382	0.012075
482.882	0.0119241
483.382	0.0116913
483.882	0.0113786
484.382	0.0109882
484.882	0.0105229
485.382	0.00998607
485.882	0.0093816
486.381	0.00871375
486.881	0.00798726
487.381	0.00720725
487.881	0.00637918
488.381	0.00550885
488.881	0.00460233
489.381	0.00366594
489.881	0.00270618
490.38	0.0017297
490.88	0.000743244
491.38	-0.000246374
491.88	-0.00123234
492.38	-0.00220788
492.88	-0.00316631
493.38	-0.00410105
493.88	-0.00500574
494.379	-0.00587421
494.879	-0.00670055
495.379	-0.00747917
495.879	-0.0082048
496.379	-0.00887257
496.879	-0.00947798
497.379	-0.010017
497.879	-0.0104861
498.379	-0.0108821
498.878	-0.0112025
499.378	-0.0114452
499.878	-0.0116087
500.378	-0.011692
500.878	-0.0116948
501.378	-0.0116171
501.878	-0.0114597
502.378	-0.0112238
502.877	-0.0109111
503.377	-0.0105241
503.877	-0.0100654
504.377	-0.00953849
504.877	-0.00894698
505.377	-0.00829513
505.877	-0.00758753
506.377	-0.00682917
506.876	-0.00602536
507.376	-0.00518173
507.876	-0.00430415
508.376	-0.00339874
508.876	-0.00247177
509.376	-0.00152967
509.876	-0.000578953
510.376	0.000373824
510.875	0.0013221
511.375	0.00225936
511.875	0.00317918
512.375	0.00407525
512.875	0.00494147
513.375	0.00577192
513.875	0.00656097
514.375	0.00730325
514.874	0.00799376
515.374	0.00862785
515.874	0.00920125
516.374	0.00971015
516.874	0.0101512
517.374	0.0105214
517.874	0.0108184
518.374	0.0110403
518.874	0.0111857
519.373	0.0112538
519.873	0.0112442
520.373	0.0111572
520.873	0.0109935
521.373	0.0107543
521.873	0.0104415
522.373	0.0100574
522.873	0.00960472
523.372	0.00908671
523.872	0.00850707
524.372	0.00786991
524.872	0.00717973
525.372	0.00644137
525.872	0.00566
526.372	0.00484109
526.872	0.00399034
527.371	0.00311367
527.871	0.00221715
528.371	0.001307
528.871	0.000389513
529.371	-0.000528995
529.871	-0.0014422
530.371	-0.00234381
530.871	-0.00322767
531.37	-0.00408771
531.87	-0.00491806
532.37	-0.00571306
532.87	-0.0064673
533.37	-0.00717568
533.87	-0.0078334
534.37	-0.00843603
534.87	-0.00897953
535.369	-0.00946026
535.869	-0.00987503
536.369	-0.0102211
536.869	-0.0104963
537.369	-0.0106987
537.869	-0.0108272
538.369	-0.0108809
538.869	-0.0108597
539.368	-0.0107639
539.868	-0.0105942
540.368	-0.0103519
540.868	-0.0100389
541.368	-0.00965735
541.868	-0.00921013
542.368	-0.00870038
542.868	-0.00813173
543.368	-0.0075082
543.867	-0.00683419
544.367	-0.00611442
544.867	-0.00535392
545.367	-0.00455802
545.867	-0.00373225
546.367	-0.00288234
546.867	-0.0020142
547.367	-0.00113383
547.866	-0.000247307
548.366	0.000639252
548.866	0.00151975
549.366	0.00238813
549.866	0.00323844
550.366	0.00406487
550.866	0.00486177
551.366	0.0056237
551.865	0.0063455
552.365	0.00702225
552.865	0.0076494
553.365	0.0082227
553.865	0.00873831
554.365	0.0091928
554.865	0.00958313
555.365	0.00990674
555.864	0.0101615
556.364	0.0103459
556.864	0.0104586
557.364	0.0104991
557.864	0.0104671
558.364	0.0103632
558.864	0.010188
559.364	0.009943
559.863	0.00962992
560.363	0.00925106
560.863	0.00880914
561.363	0.00830733
561.863	0.00774918
562.363	0.00713864
562.863	0.00648
563.363	0.00577787
563.863	0.00503719
564.362	0.0042631
564.862	0.00346099
565.362	0.00263645
565.862	0.00179518
566.362	0.000943001
566.862	8.58069e-05
567.362	-0.000770496
567.862	-0.00162002
568.361	-0.00245691
568.861	-0.00327545
569.361	-0.00407003
569.861	-0.00483521
570.361	-0.00556578
570.861	-0.00625678
571.361	-0.00690351
571.861	-0.00750161
572.36	-0.00804703
572.86	-0.00853611
573.36	-0.00896558
573.86	-0.0093326
574.36	-0.00963474
574.86	-0.00987003
575.36	-0.010037
575.86	-0.0101345
576.359	-0.0101622
576.859	-0.0101198
577.359	-0.0100078
577.859	-0.00982712
578.359	-0.00957911
578.859	-0.00926558
579.359	-0.0088888
579.859	-0.00845147
580.358	-0.00795671
580.858	-0.00740803
581.358	-0.00680928
581.858	-0.00616469
582.358	-0.00547875
582.858	-0.00475627
583.358	-0.00400228
583.858	-0.00322203
584.358	-0.00242092
584.857	-0.00160452
585.357	-0.000778452
585.857	5.15648e-05
586.357	0.000879815
586.857	0.0017006
587.357	0.00250829
587.857	0.00329733
588.357	0.00406234
588.856	0.00479809
589.356	0.00549956
589.856	0.00616198
590.356	0.00678086
590.856	0.00735201
591.356	0.00787158
591.856	0.00833609
592.356	0.00874243
592.855	0.00908789
593.355	0.00937021
593.855	0.00958755
594.355	0.00973852
594.855	0.0098222
595.355	0.00983812
595.855	0.00978628
596.355	0.00966717
596.854	0.0094817
597.354	0.00923128
597.854	0.00891772
598.354	0.00854331
598.854	0.00811071
599.354	0.00762301
599.854	0.00708364
600.354	0.00649643
600.853	0.00586548
601.353	0.00519521
601.853	0.0044903
602.353	0.00375567
602.853	0.00299643
603.353	0.00221783
603.853	0.00142528
604.353	0.00062425
604.853	-0.000179724
605.352	-0.000981105
605.852	-0.00177438
606.352	-0.00255409
606.852	-0.00331491
607.352	-0.00405161
607.852	-0.00475917
608.352	-0.00543276
608.852	-0.0060678
609.351	-0.00665998
609.851	-0.00720529
610.351	-0.00770006
610.851	-0.00814096
611.351	-0.00852503
611.851	-0.00884974
612.351	-0.00911294
612.851	-0.00931291
613.35	-0.00944839
613.85	-0.00951855
614.35	-0.009523
614.85	-0.00946182
615.35	-0.00933554
615.85	-0.00914514
616.35	-0.00889202
616.85	-0.00857804
617.349	-0.00820545
617.849	-0.00777691
618.349	-0.00729546
618.849	-0.0067645
619.349	-0.00618777
619.849	-0.00556931
620.349	-0.00491344
620.849	-0.00422475
621.348	-0.00350802
621.848	-0.00276823
622.348	-0.00201051
622.848	-0.00124012
623.348	-0.000462368
623.848	0.000317374
624.348	0.00109374
624.848	0.00186138
625.347	0.00261502
625.847	0.00334952
626.347	0.00405982
626.847	0.00474109
627.347	0.00538869
627.847	0.00599819
628.347	0.00656548
628.847	0.0070867
629.347	0.00755835
629.846	0.00797726
630.346	0.00834063
630.846	0.00864603
631.346	0.00889147
631.846	0.00907535
632.346	0.00919649
632.846	0.00925417
633.346	0.00924808
633.845	0.00917837
634.345	0.00904562
634.845	0.00885085
635.345	0.00859549
635.845	0.00828139
636.345	0.00791081
636.845	0.00748639
637.345	0.00701115
637.844	0.00648842
638.344	0.00592188
638.844	0.00531551
639.344	0.00467354
639.844	0.00400045
640.344	0.00330091
640.844	0.0025798
641.344	0.0018421
641.843	0.00109292
642.343	0.000337449
642.843	-0.000419115
643.343	-0.00117156
643.843	-0.0019147
644.343	-0.00264345
644.843	-0.00335279
645.343	-0.00403789
645.842	-0.00469406
646.342	-0.00531682
646.842	-0.00590195
647.342	-0.00644546
647.842	-0.00694368
648.342	-0.00739325
648.842	-0.00779115
649.342	-0.00813472
649.842	-0.00842167
650.341	-0.00865012
650.841	-0.00881859
651.341	-0.008926
651.841	-0.0089717
652.341	-0.00895549
652.841	-0.00887757
653.341	-0.00873855
653.841	-0.00853951
654.34	-0.0082819
654.84	-0.00796758
655.34	-0.0075988
655.84	-0.00717819
656.34	-0.00670872
656.84	-0.0061937
657.34	-0.00563674
657.84	-0.00504175
658.339	-0.00441287
658.839	-0.0037545
659.339	-0.00307121
659.839	-0.00236773
660.339	-0.00164896
660.839	-0.000919855
661.339	-0.000185457
661.839	0.000549169
662.338	0.00127896
662.838	0.00199891
663.338	0.00270406
663.838	0.00338959
664.338	0.00405079
664.838	0.00468316
665.338	0.00528239
665.838	0.00584439
666.337	0.00636535
666.837	0.00684175
667.337	0.00727037
667.837	0.00764833
668.337	0.0079731
668.837	0.00824253
669.337	0.00845484
669.837	0.00860866
670.337	0.008703
670.836	0.00873732
671.336	0.00871147
671.836	0.0086257
672.336	0.00848071
672.836	0.00827757
673.336	0.00801777
673.836	0.00770318
674.336	0.00733606
674.835	0.006919
675.335	0.00645495
675.835	0.00594718
676.335	0.00539925
676.835	0.00481498
677.335	0.00419846
677.835	0.00355398
678.335	0.00288602
678.834	0.00219921
679.334	0.00149831
679.834	0.000788159
680.334	7.36703e-05
680.834	-0.000640233
681.334	-0.00134864
681.834	-0.00204667
682.334	-0.00272954
682.833	-0.00339257
683.333	-0.00403122
683.833	-0.00464114
684.333	-0.00521815
684.833	-0.00575834
685.333	-0.00625804
685.833	-0.00671388
686.333	-0.00712276
686.832	-0.00748196
687.332	-0.00778906
687.832	-0.00804203
688.332	-0.0082392
688.832	-0.0083793
689.332	-0.00846145
689.832	-0.00848517
690.332	-0.00845037
690.832	-0.00835738
691.331	-0.00820694
691.831	-0.00800015
692.331	-0.00773852
692.831	-0.00742394
693.331	-0.00705864
693.831	-0.00664522
694.331	-0.0061866
694.831	-0.005686
695.33	-0.00514692
695.83	-0.00457314
696.33	-0.00396866
696.83	-0.00333768
697.33	-0.00268459
697.83	-0.00201392
698.33	-0.00133031
698.83	-0.000638501
699.329	5.67448e-05
699.829	0.000750628
700.329	0.00143837
700.829	0.00211525
701.329	0.00277661
701.829	0.00341792
702.329	0.0040348
702.829	0.00462302
703.328	0.00517858
703.828	0.0056977
704.328	0.00617685
704.828	0.00661279
705.328	0.00700258
705.828	0.00734359
706.328	0.00763355
706.828	0.00787053
707.327	0.00805297
707.827	0.0081797
708.327	0.00824991
708.827	0.0082632
709.327	0.00821957
709.827	0.00811939
710.327	0.00796342
710.827	0.00775283
711.326	0.00748914
711.826	0.00717423
712.326	0.00681035
712.826	0.00640007
713.326	0.00594629
713.826	0.00545218
714.326	0.0049212
714.826	0.00435707
715.326	0.00376372
715.825	0.00314526
716.325	0.002506
716.825	0.00185037
717.325	0.0011829
717.825	0.000508205
718.325	-0.000169056
718.825	-0.000844217
719.325	-0.00151263
719.824	-0.00216971
720.324	-0.00281093
720.824	-0.00343191
721.324	-0.0040284
721.824	-0.00459633
722.324	-0.00513182
722.824	-0.00563123
723.324	-0.00609117
723.823	-0.00650853
724.323	-0.0068805
724.823	-0.00720457
725.323	-0.00747858
725.823	-0.00770072
726.323	-0.00786951
726.823	-0.00798389
727.323	-0.00804312
727.822	-0.00804689
728.322	-0.00799524
728.822	-0.00788861
729.322	-0.0077278
729.822	-0.007514
730.322	-0.00724875
730.822	-0.00693395
731.322	-0.00657184
731.821	-0.00616498
732.321	-0.00571623
732.821	-0.00522873
733.321	-0.00470591
733.821	-0.00415141
734.321	-0.00356909
734.821	-0.002963
735.321	-0.00233735
735.821	-0.00169648
736.32	-0.00104482
736.82	-0.000386871
737.32	0.000272819
737.82	0.000929707
738.32	0.00157927
738.82	0.00221705
739.32	0.00283866
739.82	0.00343984
740.319	0.00401649
740.819	0.00456465
741.319	0.0050806
741.819	0.00556082
742.319	0.00600205
742.819	0.00640131
743.319	0.0067559
743.819	0.00706344
744.318	0.00732187
744.818	0.00752948
745.318	0.0076849
745.818	0.00778714
746.318	0.00783556
746.818	0.00782989
747.318	0.00777026
747.818	0.00765714
748.317	0.00749138
748.817	0.0072742
749.317	0.00700715
749.817	0.00669215
750.317	0.00633142
750.817	0.00592752
751.317	0.00548327
751.817	0.0050018
752.316	0.00448647
752.816	0.00394087
753.316	0.0033688
753.816	0.00277424
754.316	0.00216131
754.816	0.00153426
755.316	0.000897417
755.816	0.000255191
756.316	-0.000387992
756.815	-0.0010277
757.315	-0.00165953
757.815	-0.00227914
758.315	-0.00288229
758.815	-0.00346483
759.315	-0.00402278
759.815	-0.00455234
760.315	-0.00504989
760.814	-0.00551205
761.314	-0.00593567
761.814	-0.00631791
762.314	-0.00665616
762.814	-0.00694817
763.314	-0.00719198
763.814	-0.00738598
764.314	-0.00752889
764.813	-0.00761981
765.313	-0.00765816
765.813	-0.00764375
766.313	-0.00757676
766.813	-0.00745771
767.313	-0.00728749
767.813	-0.00706734
768.313	-0.00679884
768.812	-0.00648391
769.312	-0.00612477
769.812	-0.00572395
770.312	-0.00528428
770.812	-0.00480882
771.312	-0.00430091
771.812	-0.00376407
772.312	-0.00320206
772.811	-0.00261876
773.311	-0.00201823
773.811	-0.00140463
774.311	-0.000782192
774.811	-0.000155224
775.311	0.000471952
775.811	0.00109501
776.311	0.00170968
776.811	0.00231172
777.31	0.002897
777.81	0.00346153
778.31	0.00400142
778.81	0.00451301
779.31	0.00499279
779.81	0.00543751
780.31	0.00584414
780.81	0.00620994
781.309	0.00653243
781.809	0.00680946
782.309	0.00703916
782.809	0.00722003
783.309	0.00735087
783.809	0.00743085
784.309	0.00745947
784.809	0.00743662
785.308	0.00736252
785.808	0.00723773
786.308	0.00706318
786.808	0.00684014
787.308	0.00657021
787.808	0.00625531
788.308	0.00589766
788.808	0.00549977
789.307	0.00506445
789.807	0.00459474
790.307	0.00409392
790.807	0.00356547
791.307	0.00301308
791.807	0.00244057
792.307	0.00185193
792.807	0.00125121
793.306	0.000642583
793.806	3.0245e-05
794.306	-0.000581581
794.806	-0.00118868
795.306	-0.00178687
795.806	-0.00237206
796.306	-0.00294021
796.806	-0.00348744
797.305	-0.00401001
797.805	-0.00450435
798.305	-0.00496708
798.805	-0.00539505
799.305	-0.00578537
799.805	-0.00613539
800.305	-0.00644275
800.805	-0.00670538
801.305	-0.00692154
801.804	-0.00708978
802.304	-0.00720901
802.804	-0.00727847
803.304	-0.00729774
803.804	-0.00726676
804.304	-0.00718579
804.804	-0.00705545
805.304	-0.00687671
805.803	-0.00665086
806.303	-0.00637951
806.803	-0.00606458
807.303	-0.0057083
807.803	-0.00531317
808.303	-0.00488196
808.803	-0.00441769
809.303	-0.0039236
809.802	-0.00340312
810.302	-0.00285988
810.802	-0.00229763
811.302	-0.00172029
811.802	-0.00113185
812.302	-0.000536362
812.802	6.20505e-05
813.302	0.000659265
813.801	0.00125117
814.301	0.00183369
814.801	0.00240284
815.301	0.00295469
815.801	0.00348549
816.301	0.00399158
816.801	0.00446952
817.301	0.00491606
817.8	0.00532815
818.3	0.00570299
818.8	0.00603806
819.3	0.00633109
819.8	0.00658011
820.3	0.00678346
820.8	0.00693981
821.3	0.00704812
821.8	0.00710772
822.299	0.00711824
822.799	0.00707969
823.299	0.00699238
823.799	0.00685697
824.299	0.00667446
824.799	0.00644616
825.299	0.00617371
825.799	0.00585902
826.298	0.00550433
826.798	0.00511212
827.298	0.00468514
827.798	0.00422638
828.298	0.00373903
828.798	0.00322649
829.298	0.00269232
829.798	0.00214023
830.297	0.00157403
830.797	0.000997658
831.297	0.000415086
831.797	-0.000169662
832.297	-0.000752553
832.797	-0.00132957
833.297	-0.00189676
833.797	-0.00245021
834.296	-0.00298612
834.796	-0.00350083
835.296	-0.00399082
835.796	-0.00445274
836.296	-0.00488343
836.796	-0.00527998
837.296	-0.00563968
837.796	-0.00596011
838.295	-0.00623909
838.795	-0.00647477
839.295	-0.00666555
839.795	-0.0068102
840.295	-0.00690775
840.795	-0.0069576
841.295	-0.00695946
841.795	-0.00691336
842.295	-0.0068197
842.794	-0.00667915
843.294	-0.00649276
843.794	-0.00626186
844.294	-0.00598808
844.794	-0.00567337
845.294	-0.00531994
845.794	-0.00493028
846.294	-0.0045071
846.793	-0.00405336
847.293	-0.00357224
847.793	-0.00306706
848.293	-0.00254134
848.793	-0.00199872
849.293	-0.00144297
849.793	-0.000877922
850.293	-0.000307484
850.792	0.00026441
851.292	0.000833818
851.792	0.00139682
852.292	0.00194955
852.792	0.0024882
853.292	0.00300909
853.792	0.00350865
854.292	0.00398346
854.791	0.00443028
855.291	0.00484606
855.791	0.00522798
856.291	0.00557345
856.791	0.00588013
857.291	0.00614594
857.791	0.00636912
858.291	0.00654816
858.79	0.00668189
859.29	0.00676945
859.79	0.00681028
860.29	0.00680415
860.79	0.00675117
861.29	0.00665174
861.79	0.00650662
862.29	0.00631686
862.789	0.00608381
863.289	0.00580913
863.789	0.00549476
864.289	0.00514292
864.789	0.00475607
865.289	0.00433691
865.789	0.00388838
866.289	0.0034136
866.789	0.00291587
867.288	0.00239864
867.788	0.00186551
868.288	0.00132016
868.788	0.000766368
869.288	0.000207955
869.788	-0.000351223
870.288	-0.000907313
870.788	-0.00145649
871.287	-0.00199497
871.787	-0.00251906
872.287	-0.00302516
872.787	-0.00350982
873.287	-0.00396971
873.787	-0.00440169
874.287	-0.00480281
874.787	-0.00517036
875.286	-0.00550183
875.786	-0.00579499
876.286	-0.00604785
876.786	-0.00625872
877.286	-0.00642619
877.786	-0.00654916
878.286	-0.00662683
878.786	-0.00665873
879.285	-0.00664467
879.785	-0.00658481
880.285	-0.00647961
880.785	-0.00632985
881.285	-0.00613661
881.785	-0.00590128
882.285	-0.00562551
882.785	-0.00531126
883.284	-0.00496073
883.784	-0.00457638
884.284	-0.0041609
884.784	-0.00371718
885.284	-0.00324831
885.784	-0.00275755
886.284	-0.00224831
886.784	-0.00172411
887.284	-0.00118858
887.783	-0.000645434
888.283	-9.84108e-05
888.783	0.000448713
889.283	0.000992169
889.783	0.00152822
890.283	0.00205317
890.783	0.00256343
891.283	0.00305549
891.782	0.00352598
892.282	0.00397169
892.782	0.00438957
893.282	0.00477678
893.782	0.00513069
894.282	0.00544888
894.782	0.00572921
895.282	0.00596979
895.781	0.00616901
896.281	0.00632554
896.781	0.00643835
897.281	0.00650671
897.781	0.0065302
898.281	0.00650871
898.781	0.00644244
899.281	0.00633188
899.78	0.00617786
900.28	0.00598149
900.78	0.00574415
901.28	0.00546754
901.78	0.00515361
902.28	0.00480455
902.78	0.00442281
903.28	0.00401106
903.779	0.00357217
904.279	0.00310919
904.779	0.00262534
905.279	0.00212397
905.779	0.00160857
906.279	0.00108268
906.779	0.000549963
907.279	1.40804e-05
907.779	-0.000521268
908.278	-0.00105239
908.778	-0.00157564
909.278	-0.00208742
909.778	-0.00258421
910.278	-0.00306261
910.778	-0.00351933
911.278	-0.00395127
911.778	-0.00435546
912.277	-0.00472916
912.777	-0.00506982
913.277	-0.00537513
913.777	-0.00564303
914.277	-0.00587172
914.777	-0.00605965
915.277	-0.00620558
915.777	-0.00630855
916.276	-0.0063679
916.776	-0.00638327
917.276	-0.00635459
917.776	-0.00628212
918.276	-0.0061664
918.776	-0.00600827
919.276	-0.00580888
919.776	-0.00556963
920.275	-0.00529223
920.775	-0.00497862
921.275	-0.00463101
921.775	-0.00425182
922.275	-0.00384371
922.775	-0.00340952
923.275	-0.00295227
923.775	-0.00247513
924.274	-0.00198141
924.774	-0.00147453
925.274	-0.000958006
925.774	-0.0004354
926.274	8.96788e-05
926.774	0.00061361
927.274	0.00113278
927.774	0.00164363
928.274	0.00214264
928.773	0.00262637
929.273	0.00309153
929.773	0.00353492
930.273	0.00395351
930.773	0.00434444
931.273	0.00470504
931.773	0.00503288
932.273	0.00532571
932.772	0.00558156
933.272	0.00579872
933.772	0.00597571
934.272	0.00611137
934.772	0.0062048
935.272	0.00625541
935.772	0.00626289
936.272	0.00622724
936.771	0.00614874
937.271	0.00602799
937.771	0.00586586
938.271	0.00566351
938.771	0.00542238
939.271	0.00514416
939.771	0.00483083
940.271	0.00448457
940.77	0.0041078
941.27	0.00370315
941.77	0.00327344
942.27	0.00282165
942.77	0.00235093
943.27	0.00186453
943.77	0.00136582
944.27	0.000858254
944.769	0.000345336
945.269	-0.000169396
945.769	-0.000682392
946.269	-0.00119012
946.769	-0.00168909
947.269	-0.00217587
947.769	-0.00264712
948.269	-0.00309961
948.768	-0.00353024
949.268	-0.00393607
949.768	-0.00431433
950.268	-0.00466245
950.768	-0.00497804
951.268	-0.00525899
951.768	-0.00550337
952.268	-0.00570956
952.768	-0.00587618
953.267	-0.0060021
953.767	-0.00608652
954.267	-0.00612888
954.767	-0.00612895
955.267	-0.00608678
955.767	-0.00600268
956.267	-0.00587729
956.767	-0.00571152
957.266	-0.00550655
957.766	-0.00526383
958.266	-0.00498508
958.766	-0.00467225
959.266	-0.00432754
959.766	-0.00395335
960.266	-0.0035523
960.766	-0.00312718
961.265	-0.00268093
961.765	-0.00221666
962.265	-0.00173759
962.765	-0.00124704
963.265	-0.000748387
963.765	-0.000245087
964.265	0.00025939
964.765	0.000761565
965.264	0.00125798
965.764	0.00174522
966.264	0.00221994
966.764	0.00267887
967.264	0.00311888
967.764	0.00353695
968.264	0.00393021
968.764	0.004296
969.263	0.0046318
969.763	0.00493535
970.263	0.00520458
970.763	0.00543766
971.263	0.00563304
971.763	0.00578941
972.263	0.00590572
972.763	0.00598121
973.263	0.00601541
973.762	0.00600813
974.262	0.00595945
974.762	0.00586975
975.262	0.00573969
975.762	0.00557022
976.262	0.00536253
976.762	0.0051181
977.262	0.00483865
977.761	0.00452613
978.261	0.00418275
978.761	0.00381089
979.261	0.00341314
979.761	0.00299227
980.261	0.00255121
980.761	0.00209301
981.261	0.00162085
981.76	0.001138
982.26	0.000647791
982.76	0.00015361
983.26	-0.000341133
983.76	-0.000833029
984.26	-0.00131869
984.76	-0.00179478
985.26	-0.00225803
985.759	-0.00270525
986.259	-0.00313339
986.759	-0.00353951
987.259	-0.00392083
987.759	-0.00427476
988.259	-0.00459889
988.759	-0.004891
989.259	-0.00514912
989.758	-0.00537151
990.258	-0.00555667
990.758	-0.00570336
991.258	-0.00581062
991.758	-0.00587773
992.258	-0.00590428
992.758	-0.00589014
993.258	-0.00583542
993.758	-0.00574057
994.257	-0.00560626
994.757	-0.00543347
995.257	-0.00522342
995.757	-0.0049776
996.257	-0.00469774
996.757	-0.0043858
997.257	-0.00404397
997.757	-0.00367463
998.256	-0.00328035
998.756	-0.00286387
999.256	-0.00242809
999.756	-0.00197604
1000.26	-0.00151083
1000.76	-0.0010357
1001.26	-0.000553916
1001.76	-6.88179e-05
1002.26	0.000416252
1002.76	0.000897952
1003.26	0.00137296
1003.76	0.00183802
1004.25	0.00228993
1004.75	0.00272559
1005.25	0.00314201
1005.75	0.00353635
1006.25	0.0039059
1006.75	0.00424815
1007.25	0.00456077
1007.75	0.00484162
1008.25	0.0050888
1008.75	0.00530065
1009.25	0.00547574
1009.75	0.0056129
1010.25	0.00571122
1010.75	0.00577007
1011.25	0.00578906
1011.75	0.00576813
1012.25	0.00570743
1012.75	0.00560745
1013.25	0.00546889
1013.75	0.00529276
1014.25	0.00508031
1014.75	0.00483303
1015.25	0.00455266
1015.75	0.00424117
1016.25	0.00390074
1016.75	0.00353373
1017.25	0.00314271
1017.75	0.00273039
1018.25	0.00229963
1018.75	0.00185342
1019.25	0.00139486
1019.75	0.000927102
1020.25	0.000453391
1020.75	-2.30045e-05
1021.25	-0.000498801
1021.75	-0.000970719
1022.25	-0.00143551
1022.75	-0.00188998
1023.25	-0.00233101
1023.75	-0.00275557
1024.25	-0.00316075
1024.75	-0.00354377
1025.25	-0.00390203
1025.75	-0.00423307
1026.25	-0.00453464
1026.75	-0.0048047
1027.25	-0.0050414
1027.75	-0.00524316
1028.25	-0.00540862
1028.75	-0.00553666
1029.25	-0.00562645
1029.75	-0.00567741
1030.25	-0.00568921
1030.75	-0.00566182
1031.25	-0.00559547
1031.75	-0.00549064
1032.25	-0.0053481
1032.75	-0.00516887
1033.25	-0.00495421
1033.75	-0.00470565
1034.25	-0.00442492
1034.75	-0.004114
1035.25	-0.00377505
1035.75	-0.00341043
1036.25	-0.00302269
1036.75	-0.00261452
1037.25	-0.00218875
1037.75	-0.00174833
1038.25	-0.00129631
1038.75	-0.000835812
1039.25	-0.000370027
1039.75	9.78356e-05
1040.25	0.000564549
1040.75	0.0010269
1041.25	0.0014817
1041.75	0.00192583
1042.25	0.00235624
1042.75	0.00276997
1043.25	0.00316419
1043.75	0.00353621
1044.25	0.00388347
1044.75	0.00420361
1045.24	0.00449445
1045.74	0.00475401
1046.24	0.00498054
1046.74	0.00517251
1047.24	0.00532862
1047.74	0.00544783
1048.24	0.00552936
1048.74	0.00557269
1049.24	0.00557754
1049.74	0.00554393
1050.24	0.00547212
1050.74	0.00536264
1051.24	0.00521628
1051.74	0.00503409
1052.24	0.00481736
1052.74	0.00456762
1053.24	0.0042866
1053.74	0.00397629
1054.24	0.00363885
1054.74	0.00327663
1055.24	0.00289215
1055.74	0.00248808
1056.24	0.00206722
1056.74	0.00163249
1057.24	0.0011869
1057.74	0.000733532
1058.24	0.000275515
1058.74	-0.00018399
1059.24	-0.000641813
1059.74	-0.0010948
1060.24	-0.00153984
1060.74	-0.00197386
1061.24	-0.0023939
1061.74	-0.00279706
1062.24	-0.00318058
1062.74	-0.00354184
1063.24	-0.00387837
1063.74	-0.00418787
1064.24	-0.00446824
1064.74	-0.00471758
1065.24	-0.00493418
1065.74	-0.00511659
1066.24	-0.00526359
1066.74	-0.00537419
1067.24	-0.00544767
1067.74	-0.00548355
1068.24	-0.00548163
1068.74	-0.00544194
1069.24	-0.0053648
1069.74	-0.00525078
1070.24	-0.00510069
1070.74	-0.00491561
1071.24	-0.00469684
1071.74	-0.00444591
1072.24	-0.0041646
1072.74	-0.00385486
1073.24	-0.00351886
1073.74	-0.00315893
1074.24	-0.00277758
1074.74	-0.00237746
1075.24	-0.00196133
1075.74	-0.00153209
1076.24	-0.00109271
1076.74	-0.00064621
1077.24	-0.000195687
1077.74	0.000255754
1078.24	0.000705002
1078.74	0.00114896
1079.24	0.00158458
1079.74	0.00200886
1080.24	0.0024189
1080.74	0.00281187
1081.24	0.00318509
1081.74	0.003536
1082.24	0.00386221
1082.74	0.00416149
1083.24	0.00443181
1083.74	0.00467132
1084.24	0.0048784
1084.74	0.00505167
1085.24	0.00518994
1085.74	0.00529232
1086.23	0.00535812
1086.73	0.00538692
1087.23	0.00537856
1087.73	0.00533313
1088.23	0.00525098
1088.73	0.00513271
1089.23	0.00497917
1089.73	0.00479144
1090.23	0.00457086
1090.73	0.00431897
1091.23	0.00403754
1091.73	0.00372853
1092.23	0.0033941
1092.73	0.00303659
1093.23	0.00265846
1093.73	0.00226236
1094.23	0.00185102
1094.73	0.00142729
1095.23	0.000994109
1095.73	0.000554467
1096.23	0.000111401
1096.73	-0.000332033
1097.23	-0.000772778
1097.73	-0.0012078
1098.23	-0.0016341
1098.73	-0.00204876
1099.23	-0.00244892
1099.73	-0.00283185
1100.23	-0.00319491
1100.73	-0.00353562
1101.23	-0.00385166
1101.73	-0.00414087
1102.23	-0.00440127
1102.73	-0.00463111
1103.23	-0.00482883
1103.73	-0.00499308
1104.23	-0.00512278
1104.73	-0.00521705
1105.23	-0.00527528
1105.73	-0.0052971
1106.23	-0.00528239
1106.73	-0.00523129
1107.23	-0.00514418
1107.73	-0.00502169
1108.23	-0.00486471
1108.73	-0.00467433
1109.23	-0.00445191
1109.73	-0.00419901
1110.23	-0.00391739
1110.73	-0.00360902
1111.23	-0.00327606
1111.73	-0.00292081
1112.23	-0.00254575
1112.73	-0.00215348
1113.23	-0.00174671
1113.73	-0.00132827
1114.23	-0.00090105
1114.73	-0.000467995
1115.23	-3.21001e-05
1115.73	0.00040363
1116.23	0.000836192
1116.73	0.00126261
1117.23	0.00167994
1117.73	0.00208533
1118.23	0.00247599
1118.73	0.00284924
1119.23	0.00320253
1119.73	0.00353343
1120.23	0.00383969
1120.73	0.00411922
1121.23	0.00437011
1121.73	0.00459067
1122.23	0.0047794
1122.73	0.00493502
1123.23	0.0050565
1123.73	0.00514303
1124.23	0.00519404
1124.73	0.00520921
1125.23	0.00518847
1125.73	0.005132
1126.23	0.00504021
1126.73	0.00491378
1127.22	0.0047536
1127.72	0.0045608
1128.22	0.00433675
1128.72	0.00408301
1129.22	0.00380136
1129.72	0.00349377
1130.22	0.00316238
1130.72	0.0028095
1131.22	0.00243757
1131.72	0.00204918
1132.22	0.00164701
1132.72	0.00123386
1133.22	0.000812569
1133.72	0.00038606
1134.22	-4.2725e-05
1134.72	-0.00047083
1135.22	-0.000895306
1135.72	-0.00131323
1136.22	-0.00172173
1136.72	-0.00211799
1137.22	-0.0024993
1137.72	-0.00286304
1138.22	-0.00320672
1138.72	-0.00352798
1139.22	-0.00382465
1139.72	-0.00409468
1140.22	-0.00433625
1140.72	-0.00454771
1141.22	-0.00472763
1141.72	-0.0048748
1142.22	-0.00498824
1142.72	-0.00506719
1143.22	-0.00511114
1143.72	-0.00511981
1144.22	-0.00509318
1144.72	-0.00503146
1145.22	-0.0049351
1145.72	-0.00480481
1146.22	-0.00464151
1146.72	-0.00444635
1147.22	-0.00422071
1147.72	-0.00396616
1148.22	-0.00368449
1148.72	-0.00337766
1149.22	-0.00304781
1149.72	-0.00269723
1150.22	-0.00232835
1150.72	-0.00194374
1151.22	-0.00154606
1151.72	-0.00113805
1152.22	-0.000722552
1152.72	-0.000302421
1153.22	0.00011944
1153.72	0.000540122
1154.22	0.000956726
1154.72	0.00136639
1155.22	0.00176628
1155.72	0.00215367
1156.22	0.00252588
1156.72	0.00288038
1157.22	0.00321473
1157.72	0.00352664
1158.22	0.00381398
1158.72	0.0040748
1159.22	0.00430731
1159.72	0.00450995
1160.22	0.00468134
1160.72	0.00482033
1161.22	0.00492598
1161.72	0.0049976
1162.22	0.00503472
1162.72	0.00503712
1163.22	0.0050048
1163.72	0.00493803
1164.22	0.00483729
1164.72	0.00470331
1165.22	0.00453703
1165.72	0.00433963
1166.22	0.0041125
1166.72	0.00385723
1167.22	0.0035756
1167.72	0.00326958
1168.21	0.00294129
1168.71	0.00259301
1169.21	0.00222717
1169.71	0.0018463
1170.21	0.00145304
1170.71	0.00105011
1171.21	0.00064029
1171.71	0.000226415
1172.21	-0.00018866
1172.71	-0.000602073
1173.21	-0.00101098
1173.71	-0.00141256
1174.21	-0.00180405
1174.71	-0.00218277
1175.21	-0.00254612
1175.71	-0.0028916
1176.21	-0.00321686
1176.71	-0.00351965
1177.21	-0.00379793
1177.71	-0.00404979
1178.21	-0.00427351
1178.71	-0.00446758
1179.21	-0.00463069
1179.71	-0.00476174
1180.21	-0.00485985
1180.71	-0.00492437
1181.21	-0.0049549
1181.71	-0.00495124
1182.21	-0.00491345
1182.71	-0.00484183
1183.21	-0.00473688
1183.71	-0.00459938
1184.21	-0.00443028
1184.71	-0.00423078
1185.21	-0.00400229
1185.71	-0.0037464
1186.21	-0.00346489
1186.71	-0.00315974
1187.21	-0.00283306
1187.71	-0.00248713
1188.21	-0.00212434
1188.71	-0.0017472
1189.21	-0.00135834
1189.71	-0.00096044
1190.21	-0.000556247
1190.71	-0.000148556
1191.21	0.000259822
1191.71	0.00066607
1192.21	0.00106739
1192.71	0.00146102
1193.21	0.00184426
1193.71	0.00221447
1194.21	0.00256911
1194.71	0.00290574
1195.21	0.00322208
1195.71	0.00351594
1196.21	0.00378533
1196.71	0.0040284
1197.21	0.00424351
1197.71	0.0044292
1198.21	0.00458421
1198.71	0.00470749
1199.21	0.00479823
1199.71	0.00485582
1200.21	0.0048799
1200.71	0.00487033
1201.21	0.0048272
1201.71	0.00475084
1202.21	0.0046418
1202.71	0.00450086
1203.21	0.00432901
1203.71	0.00412748
1204.21	0.00389766
1204.71	0.00364118
1205.21	0.00335981
1205.71	0.00305552
1206.21	0.00273042
1206.71	0.00238678
1207.21	0.00202697
1207.71	0.00165349
1208.21	0.00126892
1208.71	0.00087593
1209.2	0.000477228
1209.7	7.55678e-05
1210.2	-0.00032628
1210.7	-0.000725545
1211.2	-0.00111948
1211.7	-0.00150537
1212.2	-0.00188056
1212.7	-0.00224249
1213.2	-0.00258865
1213.7	-0.00291669
1214.2	-0.00322435
1214.7	-0.00350954
1215.2	-0.0037703
1215.7	-0.00400485
1216.2	-0.00421161
1216.7	-0.00438917
1217.2	-0.00453633
1217.7	-0.0046521
1218.2	-0.00473571
1218.7	-0.00478661
1219.2	-0.00480447
1219.7	-0.00478921
1220.2	-0.00474094
1220.7	-0.00466004
1221.2	-0.00454708
1221.7	-0.00440288
1222.2	-0.00422844
1222.7	-0.004025
1223.2	-0.00379398
1223.7	-0.00353701
1224.2	-0.00325586
1224.7	-0.0029525
1225.2	-0.00262903
1225.7	-0.00228771
1226.2	-0.0019309
1226.7	-0.00156107
1227.2	-0.00118078
1227.7	-0.00079266
1228.2	-0.000399393
1228.7	-3.69228e-06
1229.2	0.000391712
1229.7	0.000784096
1230.2	0.00117076
1230.7	0.00154903
1231.2	0.00191633
1231.7	0.00227011
1232.2	0.00260797
1232.7	0.00292757
1233.2	0.00322674
1233.7	0.00350342
1234.2	0.00375574
1234.7	0.00398196
1235.2	0.00418055
1235.7	0.00435017
1236.2	0.00448966
1236.7	0.0045981
1237.2	0.00467476
1237.7	0.00471914
1238.2	0.00473095
1238.7	0.00471014
1239.2	0.00465689
1239.7	0.00457158
1240.2	0.00445483
1240.7	0.00430747
1241.2	0.00413054
1241.7	0.00392528
1242.2	0.00369313
1242.7	0.00343572
1243.2	0.00315483
1243.7	0.00285242
1244.2	0.00253059
1244.7	0.00219158
1245.2	0.00183774
1245.7	0.00147152
1246.2	0.00109544
1246.7	0.000712124
1247.2	0.000324203
1247.7	-6.56398e-05
1248.2	-0.000454717
1248.7	-0.000840348
1249.2	-0.00121988
1249.69	-0.00159069
1250.19	-0.00195024
1250.69	-0.00229607
1251.19	-0.00262578
1251.69	-0.00293714
1252.19	-0.003228
1252.69	-0.00349637
1253.19	-0.00374044
1253.69	-0.00395852
1254.19	-0.00414914
1254.69	-0.00431101
1255.19	-0.00444303
1255.69	-0.00454433
1256.19	-0.00461421
1256.69	-0.00465224
1257.19	-0.00465816
1257.69	-0.00463197
1258.19	-0.00457388
1258.69	-0.0044843
1259.19	-0.00436387
1259.69	-0.00421347
1260.19	-0.00403413
1260.69	-0.00382713
1261.19	-0.00359391
1261.69	-0.00333611
1262.19	-0.0030555
1262.69	-0.00275406
1263.19	-0.00243387
1263.69	-0.00209715
1264.19	-0.00174624
1264.69	-0.00138356
1265.19	-0.00101164
1265.69	-0.000633028
1266.19	-0.00025035
1266.69	0.000133756
1267.19	0.00051664
1267.69	0.000895666
1268.19	0.00126822
1268.69	0.00163175
1269.19	0.00198375
1269.69	0.0023218
1270.19	0.00264359
1270.69	0.0029469
1271.19	0.00322967
1271.69	0.00348996
1272.19	0.003726
1272.69	0.00393617
1273.19	0.00411905
1273.69	0.00427341
1274.19	0.00439819
1274.69	0.00449256
1275.19	0.0045559
1275.69	0.00458779
1276.19	0.00458803
1276.69	0.00455666
1277.19	0.00449392
1277.69	0.00440025
1278.19	0.00427633
1278.69	0.00412303
1279.19	0.00394145
1279.69	0.00373284
1280.19	0.00349868
1280.69	0.00324059
1281.19	0.00296036
1281.69	0.00265996
1282.19	0.00234147
1282.69	0.00200709
1283.19	0.00165914
1283.69	0.00130004
1284.19	0.000932261
1284.69	0.00055835
1285.19	0.000180888
1285.69	-0.000197519
1286.19	-0.000574264
1286.69	-0.00094675
1287.19	-0.00131241
1287.69	-0.00166874
1288.19	-0.00201328
1288.69	-0.00234366
1289.19	-0.00265763
1289.69	-0.00295303
1290.19	-0.00322784
1290.68	-0.00348017
1291.18	-0.00370831
1291.68	-0.00391071
1292.18	-0.00408599
1292.68	-0.00423296
1293.18	-0.00435063
1293.68	-0.00443821
1294.18	-0.00449512
1294.68	-0.004521
1295.18	-0.00451568
1295.68	-0.00447924
1296.18	-0.00441194
1296.68	-0.00431427
1297.18	-0.00418692
1297.68	-0.00403081
1298.18	-0.00384703
1298.68	-0.00363686
1299.18	-0.00340177
1299.68	-0.00314341
1300.18	-0.00286357
1300.68	-0.00256419
1301.18	-0.00224736
1301.68	-0.00191528
1302.18	-0.00157024
1302.68	-0.00121463
1303.18	-0.000850909
1303.68	-0.000481594
1304.18	-0.000109232
1304.68	0.000263607
1305.18	0.000634353
1305.68	0.00100045
1306.18	0.00135939
1306.68	0.00170869
1307.18	0.00204595
1307.68	0.00236886
1308.18	0.00267521
1308.68	0.0029629
1309.18	0.00322995
1309.68	0.00347454
1310.18	0.00369501
1310.68	0.00388985
1311.18	0.00405774
1311.68	0.00419754
1312.18	0.00430831
1312.68	0.00438932
1313.18	0.00444001
1313.68	0.00446007
1314.18	0.00444938
1314.68	0.00440805
1315.18	0.00433637
1315.68	0.00423486
1316.18	0.00410425
1316.68	0.00394546
1317.18	0.0037596
1317.68	0.00354798
1318.18	0.00331208
1318.68	0.00305353
1319.18	0.00277415
1319.68	0.00247586
1320.18	0.00216074
1320.68	0.00183098
1321.18	0.00148885
1321.68	0.00113673
1322.18	0.000777056
1322.68	0.000412304
1323.18	4.49957e-05
1323.68	-0.000322335
1324.18	-0.000687157
1324.68	-0.00104696
1325.18	-0.00139926
1325.68	-0.00174164
1326.18	-0.00207175
1326.68	-0.00238732
1327.18	-0.00268619
1327.68	-0.0029663
1328.18	-0.00322575
1328.68	-0.00346276
1329.18	-0.00367571
1329.68	-0.00386316
1330.18	-0.00402382
1330.68	-0.00415662
1331.18	-0.00426066
1331.67	-0.00433525
1332.17	-0.00437988
1332.67	-0.00439428
1333.17	-0.00437838
1333.67	-0.00433229
1334.17	-0.00425637
1334.67	-0.00415115
1335.17	-0.0040174
1335.67	-0.00385604
1336.17	-0.00366821
1336.67	-0.00345523
1337.17	-0.00321859
1337.67	-0.00295993
1338.17	-0.00268104
1338.67	-0.00238388
1339.17	-0.0020705
1339.67	-0.00174308
1340.17	-0.00140387
1340.67	-0.00105523
1341.17	-0.000699576
1341.67	-0.000339353
1342.17	2.29484e-05
1342.67	0.000384829
1343.17	0.000743796
1343.67	0.00109738
1344.17	0.00144313
1344.67	0.0017787
1345.17	0.00210175
1345.67	0.00241009
1346.17	0.00270159
1346.67	0.00297426
1347.17	0.00322623
1347.67	0.00345578
1348.17	0.00366135
1348.67	0.00384153
1349.17	0.0039951
1349.67	0.00412103
1350.17	0.00421846
1350.67	0.00428675
1351.17	0.00432544
1351.67	0.00433429
1352.17	0.00431327
1352.67	0.00426253
1353.17	0.00418245
1353.67	0.0040736
1354.17	0.00393676
1354.67	0.00377289
1355.17	0.00358313
1355.67	0.00336882
1356.17	0.00313144
1356.67	0.00287266
1357.17	0.00259427
1357.67	0.00229821
1358.17	0.00198652
1358.67	0.00166137
1359.17	0.00132501
1359.67	0.000979766
1360.17	0.000628022
1360.67	0.000272208
1361.17	-8.52196e-05
1361.67	-0.000441797
1362.17	-0.000795068
1362.67	-0.0011426
1363.17	-0.001482
1363.67	-0.00181093
1364.17	-0.00212715
1364.67	-0.00242847
1365.17	-0.00271283
1365.67	-0.00297828
1366.17	-0.00322301
1366.67	-0.00344535
1367.17	-0.00364377
1367.67	-0.00381694
1368.17	-0.00396367
1368.67	-0.00408298
1369.17	-0.00417405
1369.67	-0.00423629
1370.17	-0.00426929
1370.67	-0.00427284
1371.17	-0.00424693
1371.67	-0.00419177
1372.17	-0.00410777
1372.66	-0.00399551
1373.16	-0.0038558
1373.66	-0.00368961
1374.16	-0.00349812
1374.66	-0.00328266
1375.16	-0.00304473
1375.66	-0.002786
1376.16	-0.00250825
1376.66	-0.00221342
1377.16	-0.00190355
1377.66	-0.0015808
1378.16	-0.00124738
1378.66	-0.000905622
1379.16	-0.000557872
1379.66	-0.000206535
1380.16	0.000145964
1380.66	0.000497193
1381.16	0.000844733
1381.66	0.00118619
1382.16	0.00151922
1382.66	0.00184152
1383.16	0.00215089
1383.66	0.0024452
1384.16	0.00272243
1384.66	0.00298069
1385.16	0.00321821
1385.66	0.00343336
1386.16	0.00362467
1386.66	0.00379086
1387.16	0.00393078
1387.66	0.0040435
1388.16	0.00412825
1388.66	0.00418447
1389.16	0.0042118
1389.66	0.00421006
1390.16	0.00417929
1390.66	0.00411972
1391.16	0.00403179
1391.66	0.00391611
1392.16	0.00377351
1392.66	0.00360499
1393.16	0.00341172
1393.66	0.00319506
1394.16	0.00295652
1394.66	0.00269776
1395.16	0.00242057
1395.66	0.00212688
1396.16	0.00181873
1396.66	0.00149824
1397.16	0.00116764
1397.66	0.000829215
1398.16	0.000485299
1398.66	0.000138268
1399.16	-0.000209484
1399.66	-0.00055556
1400.16	-0.000897576
1400.66	-0.00123318
1401.16	-0.00156005
1401.66	-0.00187596
1402.16	-0.00217873
1402.66	-0.00246628
1403.16	-0.00273665
1403.66	-0.00298797
1404.16	-0.00321854
1404.66	-0.00342677
1405.16	-0.00361125
1405.66	-0.00377073
1406.16	-0.00390412
1406.66	-0.00401053
1407.16	-0.00408923
1407.66	-0.0041397
1408.16	-0.00416163
1408.66	-0.00415487
1409.16	-0.00411949
1409.66	-0.00405577
1410.16	-0.00396415
1410.66	-0.00384529
1411.16	-0.00370003
1411.66	-0.00352939
1412.16	-0.00333456
1412.66	-0.0031169
1413.16	-0.00287793
1413.65	-0.00261932
1414.15	-0.00234285
1414.65	-0.00205045
1415.15	-0.00174415
1415.65	-0.00142606
1416.15	-0.00109839
1416.65	-0.000763395
1417.15	-0.000423401
1417.65	-8.07501e-05
1418.15	0.000262193
1418.65	0.000603064
1419.15	0.000939516
1419.65	0.00126923
1420.15	0.00158994
1420.65	0.00189944
1421.15	0.00219561
1421.65	0.00247641
1422.15	0.00273992
1422.65	0.00298433
1423.15	0.00320798
1423.65	0.00340933
1424.15	0.00358702
1424.65	0.00373983
1425.15	0.00386673
1425.65	0.00396686
1426.15	0.00403955
1426.65	0.00408432
1427.15	0.00410088
1427.65	0.00408914
1428.15	0.00404919
1428.65	0.00398134
1429.15	0.00388606
1429.65	0.00376403
1430.15	0.00361613
1430.65	0.00344337
1431.15	0.00324697
1431.65	0.0030283
1432.15	0.00278889
1432.65	0.00253039
1433.15	0.0022546
1433.65	0.00196345
1434.15	0.00165893
1434.65	0.00134317
1435.15	0.00101834
1435.65	0.000686695
1436.15	0.000350522
1436.65	1.21421e-05
1437.15	-0.000326111
1437.65	-0.000661906
1438.15	-0.000992929
1438.65	-0.0013169
1439.15	-0.0016316
1439.65	-0.00193485
1440.15	-0.00222458
1440.65	-0.0024988
1441.15	-0.00275563
1441.65	-0.00299331
1442.15	-0.00321021
1442.65	-0.00340486
1443.15	-0.00357593
1443.65	-0.00372226
1444.15	-0.00384284
1444.65	-0.00393688
1445.15	-0.00400374
1445.65	-0.00404298
1446.15	-0.00405434
1446.65	-0.00403778
1447.15	-0.00399341
1447.65	-0.00392157
1448.15	-0.00382277
1448.65	-0.00369771
1449.15	-0.00354727
1449.65	-0.0033725
1450.15	-0.00317463
1450.65	-0.00295504
1451.15	-0.00271525
1451.65	-0.00245693
1452.15	-0.00218187
1452.65	-0.00189198
1453.15	-0.00158928
1453.65	-0.00127585
1454.15	-0.000953858
1454.64	-0.000625537
1455.14	-0.000293151
1455.64	4.10057e-05
1456.14	0.000374629
1456.64	0.00070542
1457.14	0.0010311
1457.64	0.00134943
1458.14	0.00165822
1458.64	0.00195534
1459.14	0.00223876
1459.64	0.00250654
1460.14	0.00275683
1460.64	0.00298793
1461.14	0.00319825
1461.64	0.00338637
1462.14	0.00355099
1462.64	0.003691
1463.14	0.00380545
1463.64	0.00389358
1464.14	0.00395479
1464.64	0.00398867
1465.14	0.00399502
1465.64	0.00397381
1466.14	0.0039252
1466.64	0.00384955
1467.14	0.0037474
1467.64	0.00361947
1468.14	0.00346665
1468.64	0.00329003
1469.14	0.00309084
1469.64	0.00287045
1470.14	0.00263042
1470.64	0.0023724
1471.14	0.00209819
1471.64	0.00180968
1472.14	0.00150888
1472.64	0.00119787
1473.14	0.000878802
1473.64	0.000553877
1474.14	0.000225341
1474.64	-0.000104539
1475.14	-0.000433486
1475.64	-0.000759236
1476.14	-0.00107954
1476.64	-0.0013922
1477.14	-0.00169507
1477.64	-0.00198605
1478.14	-0.00226316
1478.64	-0.00252449
1479.14	-0.00276825
1479.64	-0.00299277
1480.14	-0.00319652
1480.64	-0.00337811
1481.14	-0.0035363
1481.64	-0.00367001
1482.14	-0.00377834
1482.64	-0.00386056
1483.14	-0.00391612
1483.64	-0.00394465
1484.14	-0.00394598
1484.64	-0.00392012
1485.14	-0.00386725
1485.64	-0.00378777
1486.14	-0.00368223
1486.64	-0.00355139
1487.14	-0.00339616
1487.64	-0.00321763
1488.14	-0.00301704
1488.64	-0.00279579
1489.14	-0.00255542
1489.64	-0.0022976
1490.14	-0.00202412
1490.64	-0.00173687
1491.14	-0.00143784
1491.64	-0.0011291
1492.14	-0.000812786
1492.64	-0.000491083
1493.14	-0.00016621
1493.64	0.000159591
1494.14	0.000484074
1494.64	0.000805003
1495.14	0.00112017
1495.63	0.0014274
1496.13	0.0017246
1496.63	0.0020097
1497.13	0.00228077
1497.63	0.00253593
1498.13	0.00277345
1498.63	0.00299169
1499.13	0.00318917
1499.63	0.00336453
1500.13	0.00351659
1500.63	0.00364431
1501.13	0.00374683
1501.63	0.00382346
1502.13	0.00387369
1502.63	0.00389718
1503.13	0.00389381
1503.63	0.0038636
1504.13	0.00380678
1504.63	0.00372377
1505.13	0.00361515
1505.63	0.0034817
1506.13	0.00332434
1506.63	0.00314417
1507.13	0.00294246
1507.63	0.00272062
1508.13	0.00248017
1508.63	0.0022228
1509.13	0.00195029
1509.63	0.00166453
1510.13	0.00136749
1510.63	0.00106124
1511.13	0.000747885
1511.63	0.000429597
1512.13	0.000108572
1512.63	-0.000212974
1513.13	-0.000532826
1513.63	-0.000848778
1514.13	-0.00115865
1514.63	-0.00146032
1515.13	-0.00175171
1515.63	-0.00203081
1516.13	-0.00229571
1516.63	-0.0025446
1517.13	-0.00277576
1517.63	-0.00298762
1518.13	-0.00317872
1518.63	-0.00334776
1519.13	-0.0034936
1519.63	-0.00361524
1520.13	-0.00371186
1520.63	-0.0037828
1521.13	-0.0038276
1521.63	-0.00384597
1522.13	-0.00383779
1522.63	-0.00380313
1523.13	-0.00374226
1523.63	-0.00365561
1524.13	-0.0035438
1524.63	-0.0034076
1525.13	-0.00324798
1525.63	-0.00306606
1526.13	-0.00286309
1526.63	-0.00264049
1527.13	-0.00239981
1527.63	-0.00214272
1528.13	-0.00187101
1528.63	-0.00158654
1529.13	-0.00129131
1529.63	-0.000987332
1530.13	-0.000676725
1530.63	-0.000361629
1531.13	-4.42196e-05
1531.63	0.000273315
1532.13	0.000588785
1532.63	0.000900018
1533.13	0.00120487
1533.63	0.00150125
1534.13	0.00178711
1534.63	0.0020605
1535.13	0.00231953
1535.63	0.00256243
1536.13	0.00278754
1536.62	0.00299332
1537.12	0.00317836
1537.62	0.0033414
1538.12	0.00348132
1538.62	0.00359719
1539.12	0.00368822
1539.62	0.00375379
1540.12	0.00379347
1540.62	0.00380701
1541.12	0.00379433
1541.62	0.00375553
1542.12	0.00369089
1542.62	0.00360089
1543.12	0.00348616
1543.62	0.0033475
1544.12	0.00318588
1544.62	0.00300244
1545.12	0.00279846
1545.62	0.00257535
1546.12	0.00233466
1546.62	0.00207807
1547.12	0.00180735
1547.62	0.00152438
1548.12	0.00123112
1548.62	0.000929591
1549.12	0.000621886
1549.62	0.000310127
1550.12	-3.53457e-06
1550.62	-0.000316935
1551.12	-0.000627914
1551.62	-0.000934329
1552.12	-0.00123407
1552.62	-0.00152508
1553.12	-0.00180535
1553.62	-0.00207296
1554.12	-0.00232607
1554.62	-0.00256295
1555.12	-0.00278197
1555.62	-0.00298164
1556.12	-0.00316059
1556.62	-0.0033176
1557.12	-0.00345161
1557.62	-0.00356169
1558.12	-0.00364712
1558.62	-0.00370732
1559.12	-0.00374188
1559.62	-0.00375059
1560.12	-0.0037334
1560.62	-0.00369046
1561.12	-0.00362206
1561.62	-0.0035287
1562.12	-0.00341103
1562.62	-0.0032699
1563.12	-0.00310627
1563.62	-0.0029213
1564.12	-0.00271627
1564.62	-0.00249261
1565.12	-0.00225188
1565.62	-0.00199574
1566.12	-0.00172596
1566.62	-0.00144443
1567.12	-0.00115308
1567.62	-0.000853931
1568.12	-0.000549051
1568.62	-0.000240543
1569.12	6.94618e-05
1569.62	0.000378827
1570.12	0.000685419
1570.62	0.000987127
1571.12	0.00128187
1571.62	0.00156763
1572.12	0.00184244
1572.62	0.0021044
1573.12	0.00235173
1573.62	0.00258272
1574.12	0.0027958
1574.62	0.0029895
1575.12	0.00316251
1575.62	0.00331364
1576.12	0.00344186
1576.62	0.00354632
1577.12	0.00362629
1577.61	0.00368124
1578.11	0.00371082
1578.61	0.00371483
1579.11	0.00369327
1579.61	0.00364629
1580.11	0.00357424
1580.61	0.00347762
1581.11	0.00335713
1581.61	0.0032136
1582.11	0.00304804
1582.61	0.0028616
1583.11	0.00265559
1583.61	0.00243143
1584.11	0.00219068
1584.61	0.00193502
1585.11	0.0016662
1585.61	0.0013861
1586.11	0.00109665
1586.61	0.000799858
1587.11	0.000497763
1587.61	0.000192457
1588.11	-0.000113955
1588.61	-0.00041936
1589.11	-0.000721653
1589.61	-0.00101875
1590.11	-0.00130862
1590.61	-0.00158925
1591.11	-0.00185872
1591.61	-0.00211518
1592.11	-0.00235688
1592.61	-0.00258214
1593.11	-0.00278945
1593.61	-0.00297736
1594.11	-0.00314461
1594.61	-0.00329005
1595.11	-0.00341269
1595.61	-0.0035117
1596.11	-0.00358643
1596.61	-0.00363635
1597.11	-0.00366116
1597.61	-0.00366068
1598.11	-0.00363495
1598.61	-0.00358416
1599.11	-0.00350866
1599.61	-0.00340901
1600.11	-0.00328589
1600.61	-0.00314018
1601.11	-0.00297289
1601.61	-0.0027852
1602.11	-0.0025784
1602.61	-0.00235393
1603.11	-0.00211336
1603.61	-0.00185835
1604.11	-0.00159068
1604.61	-0.00131218
1605.11	-0.0010248
1605.61	-0.000730511
1606.11	-0.000431356
1606.61	-0.000129397
1607.11	0.000173281
1607.61	0.000474591
1608.11	0.000772457
1608.61	0.00106483
1609.11	0.00134969
1609.61	0.00162508
1610.11	0.00188911
1610.61	0.00213997
1611.11	0.00237593
1611.61	0.00259538
1612.11	0.00279681
1612.61	0.00297884
1613.11	0.00314024
1613.61	0.0032799
1614.11	0.00339687
1614.61	0.00349036
1615.11	0.00355974
1615.61	0.00360454
1616.11	0.00362448
1616.61	0.00361942
1617.11	0.00358942
1617.61	0.0035347
1618.11	0.00345566
1618.6	0.00335284
1619.1	0.00322698
1619.6	0.00307895
1620.1	0.0029098
1620.6	0.00272069
1621.1	0.00251294
1621.6	0.00228801
1622.1	0.00204744
1622.6	0.0017929
1623.1	0.00152616
1623.6	0.00124907
1624.1	0.000963531
1624.6	0.000671528
1625.1	0.000375075
1625.6	7.62163e-05
1626.1	-0.000222986
1626.6	-0.00052047
1627.1	-0.000814186
1627.6	-0.00110211
1628.1	-0.00138227
1628.6	-0.00165273
1629.1	-0.00191163
1629.6	-0.00215721
1630.1	-0.00238777
1630.6	-0.00260173
1631.1	-0.00279763
1631.6	-0.00297413
1632.1	-0.00313004
1632.6	-0.00326427
1633.1	-0.00337593
1633.6	-0.00346426
1634.1	-0.00352866
1634.6	-0.00356871
1635.1	-0.00358414
1635.6	-0.00357486
1636.1	-0.00354096
1636.6	-0.00348268
1637.1	-0.00340044
1637.6	-0.00329483
1638.1	-0.00316657
1638.6	-0.00301658
1639.1	-0.0028459
1639.6	-0.00265572
1640.1	-0.00244737
1640.6	-0.00222229
1641.1	-0.00198204
1641.6	-0.00172828
1642.1	-0.00146279
1642.6	-0.0011874
1643.1	-0.000904
1643.6	-0.000614563
1644.1	-0.000321085
1644.6	-2.55927e-05
1645.1	0.000269876
1645.6	0.000563284
1646.1	0.000852609
1646.6	0.00113586
1647.1	0.00141108
1647.6	0.00167639
1648.1	0.00192996
1648.6	0.00217004
1649.1	0.00239499
1649.6	0.00260328
1650.1	0.00279346
1650.6	0.00296425
1651.1	0.00311447
1651.6	0.0032431
1652.1	0.00334927
1652.6	0.00343227
1653.1	0.00349152
1653.6	0.00352664
1654.1	0.00353739
1654.6	0.00352373
1655.1	0.00348575
1655.6	0.00342373
1656.1	0.00333812
1656.6	0.00322952
1657.1	0.00309869
1657.6	0.00294654
1658.1	0.00277414
1658.6	0.00258269
1659.09	0.00237352
1659.59	0.00214808
1660.09	0.00190793
1660.59	0.00165474
1661.09	0.00139026
1661.59	0.00111633
1662.09	0.000834824
1662.59	0.000547701
1663.09	0.000256939
1663.59	-3.54543e-05
1664.09	-0.000327463
1664.59	-0.000617076
1665.09	-0.000902296
1665.59	-0.00118116
1666.09	-0.00145175
1666.59	-0.00171221
1667.09	-0.00196075
1667.59	-0.00219566
1668.09	-0.00241533
1668.59	-0.00261825
1669.09	-0.00280304
1669.59	-0.00296844
1670.09	-0.00311331
1670.59	-0.00323667
1671.09	-0.00333769
1671.59	-0.00341567
1672.09	-0.0034701
1672.59	-0.00350062
1673.09	-0.00350702
1673.59	-0.00348928
1674.09	-0.00344755
1674.59	-0.00338211
1675.09	-0.00329343
1675.59	-0.00318214
1676.09	-0.00304903
1676.59	-0.00289502
1677.09	-0.00272118
1677.59	-0.00252873
1678.09	-0.002319
1678.59	-0.00209345
1679.09	-0.00185365
1679.59	-0.00160125
1680.09	-0.00133801
1680.59	-0.00106574
1681.09	-0.000786336
1681.59	-0.000501716
1682.09	-0.00021385
1682.59	7.52766e-05
1683.09	0.000363669
1683.59	0.000649339
1684.09	0.00093032
1684.59	0.00120468
1685.09	0.00147052
1685.59	0.00172603
1686.09	0.00196944
1686.59	0.00219909
1687.09	0.00241339
1687.59	0.00261089
1688.09	0.00279023
1688.59	0.00295018
1689.09	0.00308965
1689.59	0.0032077
1690.09	0.00330352
1690.59	0.00337647
1691.09	0.00342605
1691.59	0.00345194
1692.09	0.00345397
1692.59	0.00343215
1693.09	0.00338663
1693.59	0.00331775
1694.09	0.00322599
1694.59	0.00311201
1695.09	0.00297659
1695.59	0.00282069
1696.09	0.0026454
1696.59	0.00245192
1697.09	0.00224161
1697.59	0.00201593
1698.09	0.00177645
1698.59	0.00152481
1699.09	0.00126276
1699.59	0.000992127
1700.08	0.000714765
1700.58	0.000432597
1701.08	0.000147569
1701.58	-0.00013835
1702.08	-0.00042319
1702.58	-0.000704988
1703.08	-0.000981802
1703.58	-0.00125173
1704.08	-0.0015129
1704.58	-0.00176354
1705.08	-0.00200191
1705.58	-0.00222639
1706.08	-0.00243542
1706.58	-0.00262759
1707.08	-0.00280156
1707.58	-0.00295616
1708.08	-0.00309033
1708.58	-0.00320316
1709.08	-0.00329388
1709.58	-0.00336188
1710.08	-0.0034067
1710.58	-0.00342804
1711.08	-0.00342578
1711.58	-0.00339994
1712.08	-0.00335072
1712.58	-0.00327847
1713.08	-0.00318369
1713.58	-0.00306705
1714.08	-0.00292938
1714.58	-0.00277163
1715.08	-0.0025949
1715.58	-0.00240042
1716.08	-0.00218954
1716.58	-0.00196373
1717.08	-0.00172454
1717.58	-0.00147364
1718.08	-0.00121276
1718.58	-0.000943704
1719.08	-0.000668334
1719.58	-0.00038855
1720.08	-0.000106284
1720.58	0.000176518
1721.08	0.000457907
1721.58	0.000735943
1722.08	0.00100871
1722.58	0.00127434
1723.08	0.00153099
1723.58	0.00177691
1724.08	0.00201041
1724.58	0.00222988
1725.08	0.00243383
1725.58	0.00262084
1726.08	0.00278966
1726.58	0.00293911
1727.08	0.00306819
1727.58	0.00317601
1728.08	0.00326185
1728.58	0.00332513
1729.08	0.00336542
1729.58	0.00338246
1730.08	0.00337614
1730.58	0.00334653
1731.08	0.00329385
1731.58	0.00321846
1732.08	0.0031209
1732.58	0.00300186
1733.08	0.00286217
1733.58	0.00270281
1734.08	0.00252489
1734.58	0.00232964
1735.08	0.00211843
1735.58	0.00189271
1736.08	0.00165405
1736.58	0.00140411
1737.08	0.00114462
1737.58	0.000877366
1738.08	0.000604201
1738.58	0.00032701
1739.08	4.7709e-05
1739.58	-0.000231776
1740.08	-0.000509518
1740.58	-0.000783602
1741.07	-0.00105214
1741.57	-0.00131328
1742.07	-0.00156524
1742.57	-0.00180627
1743.07	-0.00203472
1743.57	-0.00224902
1744.07	-0.00244771
1744.57	-0.00262941
1745.07	-0.0027929
1745.57	-0.00293704
1746.07	-0.00306087
1746.57	-0.00316353
1747.07	-0.00324433
1747.57	-0.00330272
1748.07	-0.00333831
1748.57	-0.00335088
1749.07	-0.00334034
1749.57	-0.00330678
1750.07	-0.00325045
1750.57	-0.00317175
1751.07	-0.00307123
1751.57	-0.00294959
1752.07	-0.00280769
1752.57	-0.00264652
1753.07	-0.00246719
1753.57	-0.00227096
1754.07	-0.00205918
1754.57	-0.00183332
1755.07	-0.00159496
1755.57	-0.00134572
1756.07	-0.00108736
1756.57	-0.000821634
1757.07	-0.000550394
1757.57	-0.00027551
1758.07	1.12248e-06
1758.57	0.000277596
1759.07	0.000552004
1759.57	0.000822459
1760.07	0.0010871
1760.57	0.0013441
1761.07	0.00159169
1761.57	0.00182819
1762.07	0.00205195
1762.57	0.00226145
1763.07	0.00245526
1763.57	0.00263203
1764.07	0.00279058
1764.57	0.0029298
1765.07	0.00304877
1765.57	0.00314666
1766.07	0.00322281
1766.57	0.00327672
1767.07	0.00330802
1767.57	0.00331652
1768.07	0.00330216
1768.57	0.00326506
1769.07	0.00320549
1769.57	0.00312387
1770.07	0.00302078
1770.57	0.00289694
1771.07	0.00275322
1771.57	0.00259062
1772.07	0.00241027
1772.57	0.00221342
1773.07	0.00200145
1773.57	0.00177582
1774.07	0.0015381
1774.57	0.00128993
1775.07	0.00103303
1775.57	0.000769171
1776.07	0.000500187
1776.57	0.00022793
1777.07	-4.57202e-05
1777.57	-0.000318876
1778.07	-0.000589654
1778.57	-0.000856187
1779.07	-0.00111664
1779.57	-0.00136922
1780.07	-0.0016122
1780.57	-0.00184389
1781.07	-0.00206272
1781.57	-0.00226717
1782.06	-0.00245584
1782.56	-0.00262745
1783.06	-0.00278082
1783.56	-0.0029149
1784.06	-0.00302878
1784.56	-0.00312168
1785.06	-0.00319298
1785.56	-0.00324219
1786.06	-0.00326898
1786.56	-0.0032732
1787.06	-0.00325481
1787.56	-0.00321395
1788.06	-0.00315093
1788.56	-0.00306619
1789.06	-0.00296031
1789.56	-0.00283405
1790.06	-0.00268829
1790.56	-0.00252404
1791.06	-0.00234244
1791.56	-0.00214476
1792.06	-0.00193236
1792.56	-0.00170672
1793.06	-0.0014694
1793.56	-0.00122204
1794.06	-0.000966361
1794.56	-0.000704118
1795.06	-0.000437127
1795.56	-0.000167231
1796.06	0.000103709
1796.56	0.000373825
1797.06	0.000641255
1797.56	0.000904157
1798.06	0.00116072
1798.56	0.00140918
1799.06	0.00164784
1799.56	0.00187504
1800.06	0.00208923
1800.56	0.00228894
1801.06	0.00247281
1801.56	0.00263957
1802.06	0.00278808
1802.56	0.00291734
1803.06	0.00302645
1803.56	0.00311469
1804.06	0.00318145
1804.56	0.00322628
1805.06	0.00324889
1805.56	0.00324914
1806.06	0.00322703
1806.56	0.00318274
1807.06	0.00311657
1807.56	0.003029
1808.06	0.00292064
1808.56	0.00279225
1809.06	0.00264474
1809.56	0.00247911
1810.06	0.00229654
1810.56	0.00209828
1811.06	0.00188571
1811.56	0.0016603
1812.06	0.00142362
1812.56	0.0011773
1813.06	0.000923056
1813.56	0.000662631
1814.06	0.00039783
1814.56	0.00013048
1815.06	-0.000137574
1815.56	-0.000404485
1816.06	-0.000668411
1816.56	-0.000927536
1817.06	-0.00118008
1817.56	-0.00142429
1818.06	-0.00165851
1818.56	-0.00188111
1819.06	-0.00209058
1819.56	-0.00228547
1820.06	-0.00246444
1820.56	-0.00262628
1821.06	-0.00276988
1821.56	-0.00289426
1822.06	-0.00299856
1822.56	-0.00308209
1823.05	-0.00314427
1823.55	-0.0031847
1824.05	-0.0032031
1824.55	-0.00319936
1825.05	-0.00317351
1825.55	-0.00312576
1826.05	-0.00305643
1826.55	-0.00296603
1827.05	-0.00285517
1827.55	-0.00272465
1828.05	-0.00257537
1828.55	-0.00240836
1829.05	-0.0022248
1829.55	-0.00202595
1830.05	-0.0018132
1830.55	-0.00158802
1831.05	-0.00135196
1831.55	-0.00110667
1832.05	-0.000853838
1832.55	-0.00059521
1833.05	-0.000332575
1833.55	-6.77454e-05
1834.05	0.000197452
1834.55	0.000461189
1835.05	0.000721646
1835.55	0.000977032
1836.05	0.00122559
1836.55	0.0014656
1837.05	0.00169542
1837.55	0.00191347
1838.05	0.00211826
1838.55	0.00230837
1839.05	0.00248251
1839.55	0.00263948
1840.05	0.00277821
1840.55	0.00289775
1841.05	0.00299729
1841.55	0.00307616
1842.05	0.00313381
1842.55	0.00316987
1843.05	0.0031841
1843.55	0.0031764
1844.05	0.00314685
1844.55	0.00309566
1845.05	0.0030232
1845.55	0.00292997
1846.05	0.00281663
1846.55	0.00268397
1847.05	0.00253292
1847.55	0.00236452
1848.05	0.00217995
1848.55	0.00198048
1849.05	0.00176751
1849.55	0.0015425
1850.05	0.00130701
1850.55	0.00106268
1851.05	0.000811183
1851.55	0.000554264
1852.05	0.000293697
1852.55	3.12788e-05
1853.05	-0.000231181
1853.55	-0.000491873
1854.05	-0.000749001
1854.55	-0.0010008
1855.05	-0.00124552
1855.55	-0.0014815
1856.05	-0.00170711
1856.55	-0.0019208
1857.05	-0.0021211
1857.55	-0.00230664
1858.05	-0.00247615
1858.55	-0.00262847
1859.05	-0.00276256
1859.55	-0.00287751
1860.05	-0.00297252
1860.55	-0.00304697
1861.05	-0.00310035
1861.55	-0.0031323
1862.05	-0.00314261
1862.55	-0.00313123
1863.05	-0.00309824
1863.55	-0.00304388
1864.04	-0.00296855
1864.54	-0.00287277
1865.04	-0.00275722
1865.54	-0.00262269
1866.04	-0.00247014
1866.54	-0.00230062
1867.04	-0.00211531
1867.54	-0.0019155
1868.04	-0.00170256
1868.54	-0.00147799
1869.04	-0.00124333
1869.54	-0.00100021
1870.04	-0.000750304
1870.54	-0.000495345
1871.04	-0.000237091
1871.54	2.26738e-05
1872.04	0.000282158
1872.54	0.000539571
1873.04	0.00079314
1873.54	0.00104112
1874.04	0.0012818
1874.54	0.00151352
1875.04	0.0017347
1875.54	0.00194381
1876.04	0.00213942
1876.54	0.00232019
1877.04	0.00248487
1877.54	0.00263233
1878.04	0.00276158
1878.54	0.00287173
1879.04	0.00296203
1879.54	0.00303186
1880.04	0.00308076
1880.54	0.0031084
1881.04	0.0031146
1881.54	0.00309932
1882.04	0.00306269
1882.54	0.00300496
1883.04	0.00292655
1883.54	0.00282801
1884.04	0.00271002
1884.54	0.00257341
1885.04	0.00241913
1885.54	0.00224825
1886.04	0.00206196
1886.54	0.00186156
1887.04	0.00164842
1887.54	0.00142402
1888.04	0.00118992
1888.54	0.000947739
1889.04	0.000699145
1889.54	0.000445856
1890.04	0.000189621
1890.54	-6.77935e-05
1891.04	-0.000324612
1891.54	-0.000579065
1892.04	-0.000829401
1892.54	-0.0010739
1893.04	-0.00131087
1893.54	-0.00153869
1894.04	-0.00175579
1894.54	-0.00196069
1895.04	-0.00215197
1895.54	-0.00232832
1896.04	-0.00248855
1896.54	-0.00263155
1897.04	-0.00275634
1897.54	-0.00286209
1898.04	-0.00294805
1898.54	-0.00301367
1899.04	-0.00305849
1899.54	-0.00308222
1900.04	-0.0030847
1900.54	-0.00306594
1901.04	-0.00302606
1901.54	-0.00296536
1902.04	-0.00288427
1902.54	-0.00278336
1903.04	-0.00266333
1903.54	-0.00252503
1904.04	-0.00236941
1904.54	-0.00219756
1905.03	-0.00201067
1905.53	-0.00181004
1906.03	-0.00159706
1906.53	-0.00137321
1907.03	-0.00114003
1907.53	-0.00089914
1908.03	-0.000652201
1908.53	-0.000400921
1909.03	-0.000147035
1909.53	0.000107705
1910.03	0.000361542
1910.53	0.000612726
1911.03	0.000859526
1911.53	0.00110024
1912.03	0.00133322
1912.53	0.00155685
1913.03	0.00176961
1913.53	0.00197002
1914.03	0.00215672
1914.53	0.00232841
1915.03	0.00248394
1915.53	0.00262222
1916.03	0.00274233
1916.53	0.00284343
1917.03	0.00292485
1917.53	0.00298602
1918.03	0.00302654
1918.53	0.00304614
1919.03	0.0030447
1919.53	0.00302223
1920.03	0.0029789
1920.53	0.00291502
1921.03	0.00283105
1921.53	0.00272756
1922.03	0.00260528
1922.53	0.00246508
1923.03	0.00230791
1923.53	0.00213488
1924.03	0.00194718
1924.53	0.00174611
1925.03	0.00153308
1925.53	0.00130955
1926.03	0.00107706
1926.53	0.000837238
1927.03	0.000591726
1927.53	0.000342222
1928.03	9.0449e-05
1928.53	-0.000161857
1929.03	-0.000412956
1929.53	-0.000661117
1930.03	-0.000904633
1930.53	-0.00114183
1931.03	-0.00137107
1931.53	-0.00159077
1932.03	-0.00179944
1932.53	-0.00199564
1933.03	-0.00217802
1933.53	-0.00234533
1934.03	-0.00249643
1934.53	-0.00263027
1935.03	-0.00274596
1935.53	-0.0028427
1936.03	-0.00291984
1936.53	-0.00297685
1937.03	-0.00301335
1937.53	-0.0030291
1938.03	-0.003024
1938.53	-0.0029981
1939.03	-0.00295158
1939.53	-0.00288479
1940.03	-0.00279819
1940.53	-0.00269238
1941.03	-0.00256812
1941.53	-0.00242625
1942.03	-0.00226778
1942.53	-0.0020938
1943.03	-0.00190552
1943.53	-0.00170425
1944.03	-0.00149137
1944.53	-0.00126837
1945.03	-0.00103679
1945.53	-0.000798226
1946.02	-0.000554328
1946.52	-0.000306781
1947.02	-5.72935e-05
1947.52	0.000192413
1948.02	0.000440617
1948.52	0.000685608
1949.02	0.000925697
1949.52	0.00115923
1950.02	0.00138461
1950.52	0.00160027
1951.02	0.00180475
1951.52	0.00199662
1952.02	0.00217458
1952.52	0.00233741
1953.02	0.00248399
1953.52	0.00261332
1954.02	0.00272452
1954.52	0.00281682
1955.02	0.00288961
1955.52	0.00294238
1956.02	0.00297479
1956.52	0.00298663
1957.02	0.00297781
1957.52	0.00294842
1958.02	0.00289866
1958.52	0.00282889
1959.02	0.0027396
1959.52	0.00263142
1960.02	0.00250509
1960.52	0.00236151
1961.02	0.00220166
1961.52	0.00202666
1962.02	0.00183772
1962.52	0.00163615
1963.02	0.00142335
1963.52	0.00120079
1964.02	0.000970011
1964.52	0.000732602
1965.02	0.000490207
1965.52	0.000244499
1966.02	-2.82812e-06
1966.52	-0.000250068
1967.02	-0.000495516
1967.52	-0.000737482
1968.02	-0.0009743
1968.52	-0.00120434
1969.02	-0.00142602
1969.52	-0.00163782
1970.02	-0.00183828
1970.52	-0.00202602
1971.02	-0.00219977
1971.52	-0.00235832
1972.02	-0.0025006
1972.52	-0.00262563
1973.02	-0.00273256
1973.52	-0.00282066
1974.02	-0.00288934
1974.52	-0.00293813
1975.02	-0.0029667
1975.52	-0.00297488
1976.02	-0.00296261
1976.52	-0.00292999
1977.02	-0.00287726
1977.52	-0.00280479
1978.02	-0.00271309
1978.52	-0.00260281
1979.02	-0.00247471
1979.52	-0.0023297
1980.02	-0.00216877
1980.52	-0.00199304
1981.02	-0.00180375
1981.52	-0.00160219
1982.02	-0.00138977
1982.52	-0.00116796
1983.02	-0.000938289
1983.52	-0.000702352
1984.02	-0.000461778
1984.52	-0.000218229
1985.02	2.66136e-05
1985.52	0.000271058
1986.02	0.00051342
1986.52	0.000752026
1987.01	0.000985232
1987.51	0.00121143
1988.01	0.00142907
1988.51	0.00163664
1989.01	0.00183273
1989.51	0.00201597
1990.01	0.00218512
1990.51	0.00233902
1991.01	0.0024766
1991.51	0.00259693
1992.01	0.00269918
1992.51	0.00278265
1993.01	0.00284678
1993.51	0.00289113
1994.01	0.00291541
1994.51	0.00291945
1995.01	0.00290323
1995.51	0.00286688
1996.01	0.00281065
1996.51	0.00273494
1997.01	0.00264027
1997.51	0.00252731
1998.01	0.00239684
1998.51	0.00224977
1999.01	0.00208711
1999.51	0.00191
2000.01	0.00171966
2000.51	0.0015174
2001.01	0.00130462
2001.51	0.00108279
2002.01	0.000853443
2002.51	0.00061816
2003.01	0.000378563
2003.51	0.000136301
2004.01	-0.000106956
2004.51	-0.000349534
2005.01	-0.000589766
2005.51	-0.000825999
2006.01	-0.00105661
2006.51	-0.00128002
2007.01	-0.00149468
2007.51	-0.00169914
2008.01	-0.00189199
2008.51	-0.00207191
2009.01	-0.00223766
2009.51	-0.00238813
2010.01	-0.00252227
2010.51	-0.00263919
2011.01	-0.00273808
2011.51	-0.00281828
2012.01	-0.00287925
2012.51	-0.00292058
2013.01	-0.002942
2013.51	-0.00294338
2014.01	-0.00292473
2014.51	-0.00288618
2015.01	-0.00282801
2015.51	-0.00275065
2016.01	-0.00265464
2016.51	-0.00254066
2017.01	-0.0024095
2017.51	-0.00226209
2018.01	-0.00209945
2018.51	-0.00192272
2019.01	-0.00173313
2019.51	-0.00153199
2020.01	-0.00132071
2020.51	-0.00110075
2021.01	-0.00087364
2021.51	-0.000640953
2022.01	-0.000404303
2022.51	-0.000165329
2023.01	7.4316e-05
2023.51	0.000312972
2024.01	0.000548989
2024.51	0.000780734
2025.01	0.00100661
2025.51	0.00122505
2026.01	0.00143454
2026.51	0.00163365
2027.01	0.001821
2027.51	0.00199529
2028	0.00215533
2028.5	0.00230001
2029	0.00242833
2029.5	0.00253942
2030	0.0026325
2030.5	0.00270694
2031	0.00276223
2031.5	0.00279799
2032	0.00281397
2032.5	0.00281007
2033	0.00278632
2033.5	0.00274288
2034	0.00268006
2034.5	0.00259829
2035	0.00249813
2035.5	0.00238029
2036	0.00224557
2036.5	0.00209491
2037	0.00192934
2037.5	0.00175
2038	0.00155813
2038.5	0.00135506
2039	0.00114218
2039.5	0.000920951
2040	0.000692903
2040.5	0.0004596
2041	0.000222647
2041.5	-1.63283e-05
2042	-0.000255685
2042.5	-0.000493779
2043	-0.000728978
2043.5	-0.000959669
2044	-0.00118427
2044.5	-0.00140125
2045	-0.00160911
2045.5	-0.00180644
2046	-0.00199189
2046.5	-0.00216419
2047	-0.00232218
2047.5	-0.00246476
2048	-0.00259099
