0.001000	7.832250e-37
2.000000	7.832250e-37
4.000000	7.832250e-37
6.000000	7.832250e-37
8.000000	7.832250e-37
10.000000	7.832250e-37
12.000000	7.832250e-37
14.000000	7.832250e-37
16.000000	7.832250e-37
18.000000	7.832250e-37
20.100000	7.832250e-37
20.500000	4.678560e-37
20.900000	2.787840e-37
21.300000	1.664640e-37
21.700000	9.922500e-38
22.100000	5.953600e-38
22.500000	3.534400e-38
22.900000	2.102500e-38
23.300000	1.254400e-38
23.800000	7.551610e-39
24.200000	4.502410e-39
24.700000	2.693610e-39
25.100000	1.608010e-39
25.600000	9.610000e-40
26.100000	5.712100e-40
26.500000	3.422500e-40
27.000000	2.044900e-40
27.500000	1.210000e-40
28.100000	7.293160e-41
28.600000	4.356000e-41
29.100000	2.611210e-41
29.600000	1.568160e-41
30.200000	9.424900e-42
30.800000	5.664400e-42
31.300000	3.422500e-42
31.900000	2.102500e-42
32.500000	1.299600e-42
33.100000	8.118010e-43
33.700000	5.212840e-43
34.400000	3.457440e-43
35.000000	2.381440e-43
35.600000	1.722250e-43
36.300000	1.303210e-43
37.000000	1.036840e-43
37.700000	8.526400e-44
38.400000	7.290000e-44
39.100000	6.400900e-44
39.800000	5.760000e-44
40.600000	5.198400e-44
41.300000	4.752400e-44
42.100000	4.368100e-44
42.900000	4.040100e-44
43.700000	3.724900e-44
44.500000	3.459600e-44
45.300000	3.204100e-44
46.100000	2.958400e-44
47.000000	2.755600e-44
47.900000	2.560000e-44
48.800000	2.371600e-44
49.700000	2.220100e-44
50.600000	2.044900e-44
51.500000	1.904400e-44
52.500000	1.768900e-44
53.500000	1.638400e-44
54.500000	1.537600e-44
55.500000	1.416100e-44
56.500000	1.322500e-44
57.500000	1.232100e-44
58.600000	1.144900e-44
59.700000	1.060900e-44
60.800000	9.860490e-45
61.900000	9.158490e-45
63.100000	8.519290e-45
64.300000	7.921000e-45
65.500000	7.361640e-45
66.700000	6.839290e-45
67.900000	6.368040e-45
69.200000	5.929000e-45
70.500000	5.505640e-45
71.800000	5.126560e-45
73.100000	4.774810e-45
74.500000	4.448890e-45
75.900000	4.134490e-45
77.300000	3.856410e-45
78.700000	3.588010e-45
80.200000	3.340840e-45
81.700000	3.113640e-45
83.200000	2.905210e-45
84.700000	2.714410e-45
86.300000	2.530090e-45
87.900000	2.361960e-45
89.500000	2.209000e-45
91.200000	2.070250e-45
92.900000	1.936000e-45
94.600000	1.814760e-45
96.400000	1.697440e-45
98.200000	1.592010e-45
100.000000	1.497690e-45
102.000000	1.406250e-45
104.000000	1.324960e-45
106.000000	1.253160e-45
108.000000	1.183360e-45
110.000000	1.115560e-45
112.000000	1.056250e-45
114.000000	1.004890e-45
116.000000	9.548100e-46
118.000000	9.120400e-46
120.000000	8.702500e-46
122.000000	8.352100e-46
125.000000	8.008900e-46
127.000000	7.728400e-46
129.000000	7.452900e-46
132.000000	7.182400e-46
134.000000	6.969600e-46
137.000000	6.812100e-46
139.000000	6.656400e-46
142.000000	6.502500e-46
145.000000	6.400900e-46
147.000000	6.300100e-46
150.000000	6.200100e-46
153.000000	6.150400e-46
156.000000	6.150400e-46
158.000000	6.100900e-46
161.000000	6.100900e-46
164.000000	6.100900e-46
167.000000	6.150400e-46
171.000000	6.200100e-46
174.000000	6.250000e-46
177.000000	6.350400e-46
180.000000	6.451600e-46
184.000000	6.553600e-46
187.000000	6.656400e-46
191.000000	6.760000e-46
194.000000	6.916900e-46
198.000000	7.075600e-46
201.000000	7.236100e-46
205.000000	7.452900e-46
209.000000	7.617600e-46
213.000000	7.840000e-46
217.000000	8.065600e-46
221.000000	8.294400e-46
225.000000	8.526400e-46
229.000000	8.820900e-46
233.000000	9.120400e-46
238.000000	9.363600e-46
242.000000	9.672100e-46
247.000000	9.985600e-46
251.000000	1.036840e-45
256.000000	1.069290e-45
261.000000	1.108890e-45
265.000000	1.142440e-45
270.000000	1.183360e-45
275.000000	1.225000e-45
281.000000	1.274490e-45
286.000000	1.317690e-45
291.000000	1.361610e-45
296.000000	1.413760e-45
302.000000	1.466890e-45
308.000000	1.521000e-45
313.000000	1.576090e-45
319.000000	1.632160e-45
325.000000	1.689210e-45
331.000000	1.755610e-45
337.000000	1.814760e-45
344.000000	1.883560e-45
350.000000	1.953640e-45
356.000000	2.025000e-45
363.000000	2.097640e-45
370.000000	2.180890e-45
377.000000	2.256250e-45
384.000000	2.342560e-45
391.000000	2.430490e-45
398.000000	2.520040e-45
406.000000	2.611210e-45
413.000000	2.714410e-45
421.000000	2.819610e-45
429.000000	2.916000e-45
437.000000	3.025000e-45
445.000000	3.147210e-45
453.000000	3.260410e-45
461.000000	3.387240e-45
470.000000	3.504640e-45
479.000000	3.636090e-45
488.000000	3.769960e-45
497.000000	3.918760e-45
506.000000	4.057690e-45
515.000000	4.212010e-45
525.000000	4.369210e-45
535.000000	4.542760e-45
545.000000	4.705960e-45
555.000000	4.886010e-45
565.000000	5.069440e-45
575.000000	5.256250e-45
586.000000	5.461210e-45
597.000000	5.655040e-45
608.000000	5.867560e-45
619.000000	6.099610e-45
631.000000	6.320250e-45
643.000000	6.561000e-45
655.000000	6.806250e-45
667.000000	7.056000e-45
679.000000	7.327360e-45
692.000000	7.603840e-45
705.000000	7.885440e-45
718.000000	8.172160e-45
731.000000	8.482410e-45
745.000000	8.798440e-45
759.000000	9.139360e-45
773.000000	9.486760e-45
787.000000	9.840640e-45
802.000000	1.020100e-44
817.000000	1.060900e-44
832.000000	1.102500e-44
847.000000	1.144900e-44
863.000000	1.188100e-44
879.000000	1.232100e-44
895.000000	1.276900e-44
912.000000	1.322500e-44
929.000000	1.368900e-44
946.000000	1.416100e-44
964.000000	1.464100e-44
982.000000	1.537600e-44
1000.000000	1.587600e-44
1020.000000	1.638400e-44
1040.000000	1.716100e-44
1060.000000	1.768900e-44
1080.000000	1.849600e-44
1100.000000	1.904400e-44
1120.000000	1.988100e-44
1140.000000	2.044900e-44
1160.000000	2.131600e-44
1180.000000	2.220100e-44
1200.000000	2.280100e-44
1220.000000	2.371600e-44
1250.000000	2.464900e-44
1270.000000	2.560000e-44
1290.000000	2.656900e-44
1320.000000	2.755600e-44
1340.000000	2.856100e-44
1370.000000	2.958400e-44
1390.000000	3.097600e-44
1420.000000	3.204100e-44
1450.000000	3.312400e-44
1470.000000	3.459600e-44
1500.000000	3.572100e-44
1530.000000	3.686400e-44
1560.000000	3.841600e-44
1580.000000	4.000000e-44
1610.000000	4.120900e-44
1640.000000	4.284900e-44
1670.000000	4.452100e-44
1710.000000	4.622500e-44
1740.000000	4.796100e-44
1770.000000	4.972900e-44
1800.000000	5.152900e-44
1840.000000	5.336100e-44
1870.000000	5.569600e-44
1910.000000	5.760000e-44
1940.000000	6.002500e-44
1980.000000	6.200100e-44
2010.000000	6.451600e-44
2050.000000	6.656400e-44
2090.000000	6.916900e-44
2130.000000	7.182400e-44
2170.000000	7.452900e-44
2210.000000	7.728400e-44
2250.000000	8.008900e-44
2290.000000	8.352100e-44
2330.000000	8.643600e-44
2380.000000	8.940100e-44
2420.000000	9.302500e-44
2470.000000	9.672100e-44
2510.000000	9.985600e-44
2560.000000	1.036840e-43
2610.000000	1.075840e-43
2650.000000	1.115560e-43
2700.000000	1.162810e-43
2750.000000	1.204090e-43
2810.000000	1.246090e-43
2860.000000	1.296000e-43
2910.000000	1.346890e-43
2960.000000	1.398760e-43
3020.000000	1.451610e-43
3080.000000	1.505440e-43
3130.000000	1.560250e-43
3190.000000	1.616040e-43
3250.000000	1.681000e-43
3310.000000	1.738890e-43
3370.000000	1.806250e-43
3440.000000	1.874890e-43
3500.000000	1.944810e-43
3560.000000	2.016010e-43
3630.000000	2.088490e-43
3700.000000	2.171560e-43
3770.000000	2.256250e-43
3840.000000	2.332890e-43
3910.000000	2.420640e-43
3980.000000	2.520040e-43
4060.000000	2.611210e-43
4130.000000	2.704000e-43
4210.000000	2.809000e-43
4290.000000	2.916000e-43
4370.000000	3.025000e-43
4450.000000	3.136000e-43
4530.000000	3.260410e-43
4610.000000	3.375610e-43
4700.000000	3.504640e-43
4790.000000	3.636090e-43
4880.000000	3.769960e-43
4970.000000	3.918760e-43
5060.000000	4.057690e-43
5150.000000	4.212010e-43
5250.000000	4.369210e-43
5350.000000	4.542760e-43
5450.000000	4.705960e-43
5550.000000	4.886010e-43
5650.000000	5.069440e-43
5750.000000	5.256250e-43
5860.000000	5.461210e-43
5970.000000	5.655040e-43
6080.000000	5.867560e-43
6190.000000	6.084000e-43
6310.000000	6.320250e-43
6430.000000	6.561000e-43
6550.000000	6.806250e-43
6670.000000	7.056000e-43
6790.000000	7.327360e-43
6920.000000	7.603840e-43
7050.000000	7.885440e-43
7180.000000	8.172160e-43
7310.000000	8.482410e-43
7450.000000	8.798440e-43
7590.000000	9.139360e-43
7730.000000	9.486760e-43
7870.000000	9.840640e-43
8020.000000	1.020100e-42
8170.000000	1.060900e-42
8320.000000	1.102500e-42
8470.000000	1.144900e-42
8630.000000	1.188100e-42
8790.000000	1.232100e-42
8950.000000	1.276900e-42
9120.000000	1.322500e-42
9290.000000	1.368900e-42
9460.000000	1.416100e-42
9640.000000	1.464100e-42
9820.000000	1.537600e-42
