2.99792e-05	0.999926
0.000103181	0.999888
0.000176383	0.999808
0.000249585	0.999686
0.000322788	0.999521
0.00039599	0.999315
0.000469192	0.999067
0.000542394	0.998777
0.000615596	0.998445
0.000688798	0.998071
0.000762	0.997655
0.000835202	0.997197
0.000908404	0.996698
0.000981606	0.996157
0.00105481	0.995574
0.00112801	0.99495
0.00120121	0.994284
0.00127441	0.993577
0.00134762	0.992828
0.00142082	0.992038
0.00149402	0.991207
0.00156722	0.990335
0.00164042	0.989421
0.00171363	0.988467
0.00178683	0.987471
0.00186003	0.986435
0.00193323	0.985359
0.00200644	0.984242
0.00207964	0.983084
0.00215284	0.981886
0.00222604	0.980648
0.00229924	0.979369
0.00237245	0.978051
0.00244565	0.976693
0.00251885	0.975295
0.00259205	0.973858
0.00266525	0.972381
0.00273846	0.970865
0.00281166	0.96931
0.00288486	0.967716
0.00295806	0.966083
0.00303126	0.964412
0.00310447	0.962702
0.00317767	0.960954
0.00325087	0.959167
0.00332407	0.957343
0.00339727	0.955481
0.00347048	0.953582
0.00354368	0.951645
0.00361688	0.949671
0.00369008	0.94766
0.00376328	0.945612
0.00383649	0.943528
0.00390969	0.941407
0.00398289	0.93925
0.00405609	0.937057
0.0041293	0.934829
0.0042025	0.932565
0.0042757	0.930265
0.0043489	0.927931
0.0044221	0.925562
0.00449531	0.923158
0.00456851	0.92072
0.00464171	0.918248
0.00471491	0.915742
0.00478811	0.913202
0.00486132	0.910629
0.00493452	0.908023
0.00500772	0.905384
0.00508092	0.902713
0.00515412	0.900009
0.00522733	0.897273
0.00530053	0.894505
0.00537373	0.891706
0.00544693	0.888875
0.00552013	0.886014
0.00559334	0.883122
0.00566654	0.8802
0.00573974	0.877247
0.00581294	0.874265
0.00588614	0.871253
0.00595935	0.868211
0.00603255	0.865141
0.00610575	0.862043
0.00617895	0.858916
0.00625216	0.855761
0.00632536	0.852578
0.00639856	0.849368
0.00647176	0.84613
0.00654496	0.842866
0.00661817	0.839576
0.00669137	0.836259
0.00676457	0.832916
0.00683777	0.829548
0.00691097	0.826155
0.00698418	0.822737
0.00705738	0.819294
0.00713058	0.815827
0.00720378	0.812337
0.00727698	0.808822
0.00735019	0.805285
0.00742339	0.801725
0.00749659	0.798142
0.00756979	0.794537
0.00764299	0.79091
0.0077162	0.787262
0.0077894	0.783592
0.0078626	0.779902
0.0079358	0.776192
0.008009	0.772461
0.00808221	0.76871
0.00815541	0.76494
0.00822861	0.761152
0.00830181	0.757344
0.00837502	0.753518
0.00844822	0.749674
0.00852142	0.745813
0.00859462	0.741934
0.00866782	0.738039
0.00874103	0.734127
0.00881423	0.730199
0.00888743	0.726255
0.00896063	0.722295
0.00903383	0.718321
0.00910704	0.714332
0.00918024	0.710329
0.00925344	0.706311
0.00932664	0.70228
0.00939984	0.698236
0.00947305	0.694179
0.00954625	0.69011
0.00961945	0.686029
0.00969265	0.681936
0.00976585	0.677831
0.00983906	0.673716
0.00991226	0.66959
0.00998546	0.665453
0.0100587	0.661307
0.0101319	0.657152
0.0102051	0.652987
0.0102783	0.648814
0.0103515	0.644632
0.0104247	0.640443
0.0104979	0.636245
0.0105711	0.632041
0.0106443	0.62783
0.0107175	0.623612
0.0107907	0.619388
0.0108639	0.615158
0.0109371	0.610923
0.0110103	0.606683
0.0110835	0.602439
0.0111567	0.59819
0.0112299	0.593937
0.0113031	0.589681
0.0113763	0.585422
0.0114495	0.58116
0.0115227	0.576895
0.0115959	0.572629
0.0116691	0.568361
0.0117423	0.564091
0.0118155	0.559821
0.0118887	0.55555
0.0119619	0.551279
0.0120351	0.547008
0.0121083	0.542737
0.0121815	0.538468
0.0122547	0.534199
0.0123279	0.529933
0.0124011	0.525668
0.0124743	0.521405
0.0125475	0.517146
0.0126207	0.512889
0.0126939	0.508635
0.0127671	0.504386
0.0128403	0.50014
0.0129135	0.495899
0.0129867	0.491662
0.0130599	0.487431
0.0131331	0.483205
0.0132064	0.478985
0.0132796	0.474771
0.0133528	0.470563
0.013426	0.466363
0.0134992	0.462169
0.0135724	0.457983
0.0136456	0.453804
0.0137188	0.449634
0.013792	0.445472
0.0138652	0.441319
0.0139384	0.437175
0.0140116	0.43304
0.0140848	0.428916
0.014158	0.424801
0.0142312	0.420696
0.0143044	0.416602
0.0143776	0.41252
0.0144508	0.408448
0.014524	0.404388
0.0145972	0.40034
0.0146704	0.396304
0.0147436	0.39228
0.0148168	0.38827
0.01489	0.384272
0.0149632	0.380288
0.0150364	0.376317
0.0151096	0.372361
0.0151828	0.368418
0.015256	0.36449
0.0153292	0.360577
0.0154024	0.356679
0.0154756	0.352796
0.0155488	0.348929
0.015622	0.345077
0.0156952	0.341242
0.0157684	0.337423
0.0158416	0.33362
0.0159148	0.329835
0.015988	0.326067
0.0160612	0.322316
0.0161344	0.318582
0.0162076	0.314867
0.0162808	0.31117
0.016354	0.307491
0.0164272	0.30383
0.0165004	0.300189
0.0165736	0.296566
0.0166468	0.292963
0.0167201	0.289379
0.0167933	0.285815
0.0168665	0.282271
0.0169397	0.278747
0.0170129	0.275243
0.0170861	0.27176
0.0171593	0.268298
0.0172325	0.264856
0.0173057	0.261436
0.0173789	0.258037
0.0174521	0.25466
0.0175253	0.251304
0.0175985	0.247971
0.0176717	0.244659
0.0177449	0.24137
0.0178181	0.238103
0.0178913	0.234858
0.0179645	0.231637
0.0180377	0.228438
0.0181109	0.225263
0.0181841	0.222111
0.0182573	0.218982
0.0183305	0.215877
0.0184037	0.212795
0.0184769	0.209738
0.0185501	0.206704
0.0186233	0.203694
0.0186965	0.200709
0.0187697	0.197748
0.0188429	0.194812
0.0189161	0.1919
0.0189893	0.189013
0.0190625	0.186151
0.0191357	0.183314
0.0192089	0.180502
0.0192821	0.177715
0.0193553	0.174954
0.0194285	0.172218
0.0195017	0.169507
0.0195749	0.166822
0.0196481	0.164163
0.0197213	0.16153
0.0197945	0.158922
0.0198677	0.15634
0.0199409	0.153785
0.0200141	0.151255
0.0200873	0.148751
0.0201605	0.146274
0.0202338	0.143823
0.020307	0.141398
0.0203802	0.139
0.0204534	0.136628
0.0205266	0.134283
0.0205998	0.131964
0.020673	0.129672
0.0207462	0.127406
0.0208194	0.125167
0.0208926	0.122954
0.0209658	0.120768
0.021039	0.118609
0.0211122	0.116477
0.0211854	0.114371
0.0212586	0.112293
0.0213318	0.110241
0.021405	0.108215
0.0214782	0.106217
0.0215514	0.104245
0.0216246	0.1023
0.0216978	0.100382
0.021771	0.0984903
0.0218442	0.0966255
0.0219174	0.0947875
0.0219906	0.0929762
0.0220638	0.0911916
0.022137	0.0894337
0.0222102	0.0877024
0.0222834	0.0859976
0.0223566	0.0843194
0.0224298	0.0826678
0.022503	0.0810426
0.0225762	0.0794439
0.0226494	0.0778715
0.0227226	0.0763255
0.0227958	0.0748057
0.022869	0.0733122
0.0229422	0.0718449
0.0230154	0.0704036
0.0230886	0.0689884
0.0231618	0.0675991
0.023235	0.0662358
0.0233082	0.0648982
0.0233814	0.0635864
0.0234546	0.0623003
0.0235278	0.0610397
0.023601	0.0598046
0.0236742	0.0585949
0.0237475	0.0574105
0.0238207	0.0562514
0.0238939	0.0551174
0.0239671	0.0540083
0.0240403	0.0529242
0.0241135	0.0518649
0.0241867	0.0508304
0.0242599	0.0498204
0.0243331	0.0488349
0.0244063	0.0478737
0.0244795	0.0469368
0.0245527	0.0460241
0.0246259	0.0451353
0.0246991	0.0442704
0.0247723	0.0434293
0.0248455	0.0426118
0.0249187	0.0418177
0.0249919	0.0410471
0.0250651	0.0402996
0.0251383	0.0395753
0.0252115	0.0388739
0.0252847	0.0381952
0.0253579	0.0375392
0.0254311	0.0369058
0.0255043	0.0362947
0.0255775	0.0357057
0.0256507	0.0351389
0.0257239	0.0345939
0.0257971	0.0340706
0.0258703	0.0335689
0.0259435	0.0330887
0.0260167	0.0326297
0.0260899	0.0321917
0.0261631	0.0317747
0.0262363	0.0313784
0.0263095	0.0310027
0.0263827	0.0306474
0.0264559	0.0303124
0.0265291	0.0299973
0.0266023	0.0297022
0.0266755	0.0294268
0.0267487	0.0291708
0.0268219	0.0289342
0.0268951	0.0287168
0.0269683	0.0285183
0.0270415	0.0283386
0.0271147	0.0281775
0.0271879	0.0280348
0.0272611	0.0279103
0.0273344	0.0278038
0.0274076	0.0277151
0.0274808	0.0276441
0.027554	0.0275905
0.0276272	0.0275541
0.0277004	0.0275348
0.0277736	0.0275324
0.0278468	0.0275465
0.02792	0.0275771
0.0279932	0.027624
0.0280664	0.0276869
0.0281396	0.0277656
0.0282128	0.0278599
0.028286	0.0279697
0.0283592	0.0280946
0.0284324	0.0282346
0.0285056	0.0283894
0.0285788	0.0285588
0.028652	0.0287425
0.0287252	0.0289404
0.0287984	0.0291523
0.0288716	0.029378
0.0289448	0.0296171
0.029018	0.0298696
0.0290912	0.0301352
0.0291644	0.0304137
0.0292376	0.0307049
0.0293108	0.0310086
0.029384	0.0313245
0.0294572	0.0316525
0.0295304	0.0319923
0.0296036	0.0323437
0.0296768	0.0327065
0.02975	0.0330805
0.0298232	0.0334655
0.0298964	0.0338612
0.0299696	0.0342674
0.0300428	0.034684
0.030116	0.0351106
0.0301892	0.0355472
0.0302624	0.0359934
0.0303356	0.0364491
0.0304088	0.036914
0.030482	0.037388
0.0305552	0.0378707
0.0306284	0.0383621
0.0307016	0.0388618
0.0307748	0.0393697
0.0308481	0.0398856
0.0309213	0.0404091
0.0309945	0.0409403
0.0310677	0.0414787
0.0311409	0.0420242
0.0312141	0.0425766
0.0312873	0.0431357
0.0313605	0.0437012
0.0314337	0.044273
0.0315069	0.0448509
0.0315801	0.0454346
0.0316533	0.0460239
0.0317265	0.0466186
0.0317997	0.0472185
0.0318729	0.0478234
0.0319461	0.0484332
0.0320193	0.0490475
0.0320925	0.0496662
0.0321657	0.0502891
0.0322389	0.0509159
0.0323121	0.0515466
0.0323853	0.0521808
0.0324585	0.0528184
0.0325317	0.0534592
0.0326049	0.054103
0.0326781	0.0547495
0.0327513	0.0553987
0.0328245	0.0560502
0.0328977	0.056704
0.0329709	0.0573597
0.0330441	0.0580173
0.0331173	0.0586764
0.0331905	0.0593371
0.0332637	0.0599989
0.0333369	0.0606619
0.0334101	0.0613257
0.0334833	0.0619902
0.0335565	0.0626552
0.0336297	0.0633206
0.0337029	0.0639861
0.0337761	0.0646515
0.0338493	0.0653168
0.0339225	0.0659817
0.0339957	0.066646
0.0340689	0.0673096
0.0341421	0.0679723
0.0342153	0.0686339
0.0342885	0.0692943
0.0343618	0.0699532
0.034435	0.0706106
0.0345082	0.0712663
0.0345814	0.0719201
0.0346546	0.0725718
0.0347278	0.0732212
0.034801	0.0738684
0.0348742	0.0745129
0.0349474	0.0751548
0.0350206	0.0757939
0.0350938	0.0764299
0.035167	0.0770628
0.0352402	0.0776925
0.0353134	0.0783187
0.0353866	0.0789413
0.0354598	0.0795602
0.035533	0.0801753
0.0356062	0.0807863
0.0356794	0.0813933
0.0357526	0.0819959
0.0358258	0.0825942
0.035899	0.0831879
0.0359722	0.083777
0.0360454	0.0843612
0.0361186	0.0849406
0.0361918	0.0855149
0.036265	0.0860841
0.0363382	0.086648
0.0364114	0.0872065
0.0364846	0.0877595
0.0365578	0.0883068
0.036631	0.0888484
0.0367042	0.0893842
0.0367774	0.089914
0.0368506	0.0904377
0.0369238	0.0909553
0.036997	0.0914666
0.0370702	0.0919715
0.0371434	0.09247
0.0372166	0.0929618
0.0372898	0.0934471
0.037363	0.0939256
0.0374362	0.0943972
0.0375094	0.0948619
0.0375826	0.0953196
0.0376558	0.0957702
0.037729	0.0962135
0.0378022	0.0966497
0.0378754	0.0970785
0.0379487	0.0974998
0.0380219	0.0979137
0.0380951	0.09832
0.0381683	0.0987187
0.0382415	0.0991096
0.0383147	0.0994928
0.0383879	0.0998682
0.0384611	0.100236
0.0385343	0.100595
0.0386075	0.100947
0.0386807	0.10129
0.0387539	0.101625
0.0388271	0.101952
0.0389003	0.102271
0.0389735	0.102582
0.0390467	0.102884
0.0391199	0.103178
0.0391931	0.103464
0.0392663	0.103741
0.0393395	0.104009
0.0394127	0.104269
0.0394859	0.104521
0.0395591	0.104764
0.0396323	0.104998
0.0397055	0.105224
0.0397787	0.105441
0.0398519	0.105649
0.0399251	0.105849
0.0399983	0.106039
0.0400715	0.106221
0.0401447	0.106395
0.0402179	0.106559
0.0402911	0.106715
0.0403643	0.106862
0.0404375	0.107
0.0405107	0.107129
0.0405839	0.10725
0.0406571	0.107361
0.0407303	0.107464
0.0408035	0.107558
0.0408767	0.107643
0.0409499	0.107719
0.0410231	0.107786
0.0410963	0.107845
0.0411695	0.107895
0.0412427	0.107936
0.0413159	0.107968
0.0413891	0.107991
0.0414624	0.108006
0.0415356	0.108012
0.0416088	0.108009
0.041682	0.107997
0.0417552	0.107977
0.0418284	0.107948
0.0419016	0.107911
0.0419748	0.107865
0.042048	0.10781
0.0421212	0.107747
0.0421944	0.107675
0.0422676	0.107595
0.0423408	0.107507
0.042414	0.10741
0.0424872	0.107304
0.0425604	0.107191
0.0426336	0.107069
0.0427068	0.106939
0.04278	0.1068
0.0428532	0.106654
0.0429264	0.106499
0.0429996	0.106337
0.0430728	0.106166
0.043146	0.105987
0.0432192	0.105801
0.0432924	0.105607
0.0433656	0.105405
0.0434388	0.105195
0.043512	0.104977
0.0435852	0.104752
0.0436584	0.10452
0.0437316	0.10428
0.0438048	0.104032
0.043878	0.103777
0.0439512	0.103515
0.0440244	0.103246
0.0440976	0.102969
0.0441708	0.102686
0.044244	0.102395
0.0443172	0.102098
0.0443904	0.101793
0.0444636	0.101482
0.0445368	0.101164
0.04461	0.100839
0.0446832	0.100508
0.0447564	0.10017
0.0448296	0.0998262
0.0449028	0.0994758
0.0449761	0.099119
0.0450493	0.0987561
0.0451225	0.0983871
0.0451957	0.0980121
0.0452689	0.0976312
0.0453421	0.0972443
0.0454153	0.0968518
0.0454885	0.0964535
0.0455617	0.0960497
0.0456349	0.0956403
0.0457081	0.0952255
0.0457813	0.0948054
0.0458545	0.0943801
0.0459277	0.0939495
0.0460009	0.093514
0.0460741	0.0930734
0.0461473	0.092628
0.0462205	0.0921777
0.0462937	0.0917228
0.0463669	0.0912633
0.0464401	0.0907992
0.0465133	0.0903308
0.0465865	0.0898579
0.0466597	0.0893809
0.0467329	0.0888997
0.0468061	0.0884145
0.0468793	0.0879254
0.0469525	0.0874323
0.0470257	0.0869356
0.0470989	0.0864351
0.0471721	0.0859311
0.0472453	0.0854236
0.0473185	0.0849128
0.0473917	0.0843987
0.0474649	0.0838814
0.0475381	0.083361
0.0476113	0.0828377
0.0476845	0.0823115
0.0477577	0.0817825
0.0478309	0.0812508
0.0479041	0.0807165
0.0479773	0.0801797
0.0480505	0.0796405
0.0481237	0.0790991
0.0481969	0.0785554
0.0482701	0.0780096
0.0483433	0.0774619
0.0484165	0.0769122
0.0484897	0.0763608
0.048563	0.0758076
0.0486362	0.0752528
0.0487094	0.0746965
0.0487826	0.0741388
0.0488558	0.0735798
0.048929	0.0730195
0.0490022	0.0724581
0.0490754	0.0718957
0.0491486	0.0713324
0.0492218	0.0707682
0.049295	0.0702033
0.0493682	0.0696378
0.0494414	0.0690717
0.0495146	0.0685051
0.0495878	0.0679382
0.049661	0.067371
0.0497342	0.0668037
0.0498074	0.0662362
0.0498806	0.0656688
0.0499538	0.0651015
0.050027	0.0645343
0.0501002	0.0639675
0.0501734	0.063401
0.0502466	0.062835
0.0503198	0.0622696
0.050393	0.0617048
0.0504662	0.0611407
0.0505394	0.0605775
0.0506126	0.0600151
0.0506858	0.0594538
0.050759	0.0588935
0.0508322	0.0583345
0.0509054	0.0577766
0.0509786	0.0572201
0.0510518	0.0566651
0.051125	0.0561115
0.0511982	0.0555595
0.0512714	0.0550092
0.0513446	0.0544606
0.0514178	0.0539139
0.051491	0.053369
0.0515642	0.0528262
0.0516374	0.0522854
0.0517106	0.0517467
0.0517838	0.0512103
0.051857	0.0506762
0.0519302	0.0501444
0.0520034	0.0496151
0.0520767	0.0490882
0.0521499	0.048564
0.0522231	0.0480424
0.0522963	0.0475236
0.0523695	0.0470075
0.0524427	0.0464943
0.0525159	0.045984
0.0525891	0.0454768
0.0526623	0.0449726
0.0527355	0.0444715
0.0528087	0.0439736
0.0528819	0.043479
0.0529551	0.0429877
0.0530283	0.0424997
0.0531015	0.0420152
0.0531747	0.0415343
0.0532479	0.0410568
0.0533211	0.040583
0.0533943	0.0401128
0.0534675	0.0396464
0.0535407	0.0391837
0.0536139	0.0387249
0.0536871	0.03827
0.0537603	0.0378189
0.0538335	0.0373719
0.0539067	0.0369289
0.0539799	0.03649
0.0540531	0.0360552
0.0541263	0.0356246
0.0541995	0.0351982
0.0542727	0.0347761
0.0543459	0.0343583
0.0544191	0.0339448
0.0544923	0.0335357
0.0545655	0.033131
0.0546387	0.0327309
0.0547119	0.0323352
0.0547851	0.031944
0.0548583	0.0315574
0.0549315	0.0311754
0.0550047	0.0307981
0.0550779	0.0304255
0.0551511	0.0300575
0.0552243	0.0296943
0.0552975	0.0293358
0.0553707	0.0289821
0.0554439	0.0286333
0.0555171	0.0282893
0.0555904	0.0279501
0.0556636	0.0276159
0.0557368	0.0272865
0.05581	0.0269621
0.0558832	0.0266427
0.0559564	0.0263282
0.0560296	0.0260187
0.0561028	0.0257142
0.056176	0.0254147
0.0562492	0.0251203
0.0563224	0.0248309
0.0563956	0.0245466
0.0564688	0.0242673
0.056542	0.0239932
0.0566152	0.0237241
0.0566884	0.0234601
0.0567616	0.0232012
0.0568348	0.0229475
0.056908	0.0226989
0.0569812	0.0224554
0.0570544	0.022217
0.0571276	0.0219837
0.0572008	0.0217556
0.057274	0.0215326
0.0573472	0.0213147
0.0574204	0.021102
0.0574936	0.0208944
0.0575668	0.0206918
0.05764	0.0204945
0.0577132	0.0203022
0.0577864	0.020115
0.0578596	0.0199329
0.0579328	0.0197559
0.058006	0.0195839
0.0580792	0.019417
0.0581524	0.0192552
0.0582256	0.0190984
0.0582988	0.0189466
0.058372	0.0187998
0.0584452	0.018658
0.0585184	0.0185212
0.0585916	0.0183893
0.0586648	0.0182624
0.058738	0.0181404
0.0588112	0.0180233
0.0588844	0.0179111
0.0589576	0.0178037
0.0590308	0.0177012
0.0591041	0.0176034
0.0591773	0.0175105
0.0592505	0.0174223
0.0593237	0.0173388
0.0593969	0.01726
0.0594701	0.0171859
0.0595433	0.0171165
0.0596165	0.0170516
0.0596897	0.0169914
0.0597629	0.0169357
0.0598361	0.0168845
0.0599093	0.0168379
0.0599825	0.0167957
0.0600557	0.0167579
0.0601289	0.0167245
0.0602021	0.0166954
0.0602753	0.0166707
0.0603485	0.0166502
0.0604217	0.016634
0.0604949	0.016622
0.0605681	0.0166142
0.0606413	0.0166105
0.0607145	0.0166108
0.0607877	0.0166153
0.0608609	0.0166237
0.0609341	0.0166361
0.0610073	0.0166524
0.0610805	0.0166726
0.0611537	0.0166966
0.0612269	0.0167244
0.0613001	0.0167559
0.0613733	0.0167912
0.0614465	0.0168301
0.0615197	0.0168726
0.0615929	0.0169187
0.0616661	0.0169683
0.0617393	0.0170213
0.0618125	0.0170778
0.0618857	0.0171376
0.0619589	0.0172008
0.0620321	0.0172672
0.0621053	0.0173368
0.0621785	0.0174096
0.0622517	0.0174856
0.0623249	0.0175646
0.0623981	0.0176466
0.0624713	0.0177316
0.0625445	0.0178195
0.0626177	0.0179103
0.062691	0.0180038
0.0627642	0.0181002
0.0628374	0.0181992
0.0629106	0.0183009
0.0629838	0.0184051
0.063057	0.018512
0.0631302	0.0186213
0.0632034	0.018733
0.0632766	0.0188471
0.0633498	0.0189636
0.063423	0.0190823
0.0634962	0.0192032
0.0635694	0.0193263
0.0636426	0.0194515
0.0637158	0.0195787
0.063789	0.0197079
0.0638622	0.0198391
0.0639354	0.0199721
0.0640086	0.020107
0.0640818	0.0202437
0.064155	0.020382
0.0642282	0.020522
0.0643014	0.0206636
0.0643746	0.0208068
0.0644478	0.0209514
0.064521	0.0210975
0.0645942	0.0212449
0.0646674	0.0213937
0.0647406	0.0215437
0.0648138	0.021695
0.064887	0.0218474
0.0649602	0.0220009
0.0650334	0.0221554
0.0651066	0.0223109
0.0651798	0.0224673
0.065253	0.0226247
0.0653262	0.0227828
0.0653994	0.0229417
0.0654726	0.0231013
0.0655458	0.0232615
0.065619	0.0234224
0.0656922	0.0235838
0.0657654	0.0237457
0.0658386	0.023908
0.0659118	0.0240707
0.065985	0.0242337
0.0660582	0.024397
0.0661314	0.0245606
0.0662047	0.0247243
0.0662779	0.0248881
0.0663511	0.0250519
0.0664243	0.0252158
0.0664975	0.0253797
0.0665707	0.0255434
0.0666439	0.025707
0.0667171	0.0258704
0.0667903	0.0260336
0.0668635	0.0261965
0.0669367	0.026359
0.0670099	0.0265211
0.0670831	0.0266828
0.0671563	0.026844
0.0672295	0.0270047
0.0673027	0.0271648
0.0673759	0.0273242
0.0674491	0.027483
0.0675223	0.027641
0.0675955	0.0277982
0.0676687	0.0279546
0.0677419	0.0281102
0.0678151	0.0282649
0.0678883	0.0284185
0.0679615	0.0285712
0.0680347	0.0287229
0.0681079	0.0288735
0.0681811	0.0290229
0.0682543	0.0291711
0.0683275	0.0293182
0.0684007	0.029464
0.0684739	0.0296085
0.0685471	0.0297517
0.0686203	0.0298935
0.0686935	0.0300339
0.0687667	0.0301728
0.0688399	0.0303102
0.0689131	0.0304462
0.0689863	0.0305805
0.0690595	0.0307133
0.0691327	0.0308444
0.0692059	0.0309739
0.0692791	0.0311016
0.0693523	0.0312276
0.0694255	0.0313519
0.0694987	0.0314743
0.0695719	0.031595
0.0696451	0.0317137
0.0697184	0.0318305
0.0697916	0.0319455
0.0698648	0.0320584
0.069938	0.0321694
0.0700112	0.0322784
0.0700844	0.0323853
0.0701576	0.0324902
0.0702308	0.0325929
0.070304	0.0326936
0.0703772	0.0327921
0.0704504	0.0328884
0.0705236	0.0329825
0.0705968	0.0330745
0.07067	0.0331641
0.0707432	0.0332515
0.0708164	0.0333367
0.0708896	0.0334195
0.0709628	0.0335
0.071036	0.0335782
0.0711092	0.033654
0.0711824	0.0337274
0.0712556	0.0337984
0.0713288	0.033867
0.071402	0.0339332
0.0714752	0.0339969
0.0715484	0.0340582
0.0716216	0.034117
0.0716948	0.0341733
0.071768	0.0342271
0.0718412	0.0342783
0.0719144	0.0343271
0.0719876	0.0343733
0.0720608	0.034417
0.072134	0.0344582
0.0722072	0.0344967
0.0722804	0.0345327
0.0723536	0.0345661
0.0724268	0.034597
0.0725	0.0346252
0.0725732	0.0346508
0.0726464	0.0346739
0.0727196	0.0346943
0.0727928	0.0347121
0.072866	0.0347273
0.0729392	0.0347399
0.0730124	0.0347499
0.0730856	0.0347572
0.0731588	0.034762
0.073232	0.0347641
0.0733053	0.0347636
0.0733785	0.0347605
0.0734517	0.0347547
0.0735249	0.0347464
0.0735981	0.0347354
0.0736713	0.0347219
0.0737445	0.0347057
0.0738177	0.034687
0.0738909	0.0346656
0.0739641	0.0346417
0.0740373	0.0346152
0.0741105	0.0345861
0.0741837	0.0345545
0.0742569	0.0345203
0.0743301	0.0344836
0.0744033	0.0344443
0.0744765	0.0344025
0.0745497	0.0343582
0.0746229	0.0343114
0.0746961	0.0342622
0.0747693	0.0342104
0.0748425	0.0341562
0.0749157	0.0340995
0.0749889	0.0340404
0.0750621	0.0339789
0.0751353	0.033915
0.0752085	0.0338487
0.0752817	0.03378
0.0753549	0.033709
0.0754281	0.0336356
0.0755013	0.0335599
0.0755745	0.0334819
0.0756477	0.0334016
0.0757209	0.0333191
0.0757941	0.0332343
0.0758673	0.0331473
0.0759405	0.0330581
0.0760137	0.0329667
0.0760869	0.0328731
0.0761601	0.0327774
0.0762333	0.0326796
0.0763065	0.0325797
0.0763797	0.0324777
0.0764529	0.0323737
0.0765261	0.0322677
0.0765993	0.0321596
0.0766725	0.0320496
0.0767457	0.0319376
0.076819	0.0318237
0.0768922	0.0317079
0.0769654	0.0315902
0.0770386	0.0314707
0.0771118	0.0313494
0.077185	0.0312263
0.0772582	0.0311014
0.0773314	0.0309748
0.0774046	0.0308464
0.0774778	0.0307164
0.077551	0.0305848
0.0776242	0.0304515
0.0776974	0.0303166
0.0777706	0.0301802
0.0778438	0.0300422
0.077917	0.0299027
0.0779902	0.0297618
0.0780634	0.0296194
0.0781366	0.0294756
0.0782098	0.0293304
0.078283	0.0291838
0.0783562	0.029036
0.0784294	0.0288869
0.0785026	0.0287365
0.0785758	0.0285849
0.078649	0.028432
0.0787222	0.0282781
0.0787954	0.028123
0.0788686	0.0279668
0.0789418	0.0278096
0.079015	0.0276513
0.0790882	0.0274921
0.0791614	0.0273318
0.0792346	0.0271707
0.0793078	0.0270086
0.079381	0.0268457
0.0794542	0.026682
0.0795274	0.0265175
0.0796006	0.0263522
0.0796738	0.0261862
0.079747	0.0260195
0.0798202	0.0258521
0.0798934	0.0256842
0.0799666	0.0255156
0.0800398	0.0253465
0.080113	0.0251768
0.0801862	0.0250067
0.0802594	0.0248361
0.0803327	0.0246651
0.0804059	0.0244937
0.0804791	0.0243219
0.0805523	0.0241498
0.0806255	0.0239775
0.0806987	0.0238049
0.0807719	0.0236321
0.0808451	0.023459
0.0809183	0.0232859
0.0809915	0.0231126
0.0810647	0.0229393
0.0811379	0.0227659
0.0812111	0.0225924
0.0812843	0.022419
0.0813575	0.0222457
0.0814307	0.0220724
0.0815039	0.0218992
0.0815771	0.0217262
0.0816503	0.0215534
0.0817235	0.0213808
0.0817967	0.0212084
0.0818699	0.0210363
0.0819431	0.0208646
0.0820163	0.0206931
0.0820895	0.0205221
0.0821627	0.0203514
0.0822359	0.0201812
0.0823091	0.0200114
0.0823823	0.0198422
0.0824555	0.0196734
0.0825287	0.0195052
0.0826019	0.0193377
0.0826751	0.0191707
0.0827483	0.0190044
0.0828215	0.0188387
0.0828947	0.0186738
0.0829679	0.0185096
0.0830411	0.0183461
0.0831143	0.0181835
0.0831875	0.0180216
0.0832607	0.0178607
0.0833339	0.0177005
0.0834071	0.0175413
0.0834803	0.0173831
0.0835535	0.0172257
0.0836267	0.0170694
0.0836999	0.0169141
0.0837731	0.0167598
0.0838463	0.0166065
0.0839196	0.0164544
0.0839928	0.0163033
0.084066	0.0161534
0.0841392	0.0160046
0.0842124	0.0158571
0.0842856	0.0157107
0.0843588	0.0155656
0.084432	0.0154217
0.0845052	0.015279
0.0845784	0.0151377
0.0846516	0.0149977
0.0847248	0.014859
0.084798	0.0147217
0.0848712	0.0145857
0.0849444	0.0144512
0.0850176	0.0143181
0.0850908	0.0141864
0.085164	0.0140561
0.0852372	0.0139274
0.0853104	0.0138001
0.0853836	0.0136744
0.0854568	0.0135501
0.08553	0.0134274
0.0856032	0.0133063
0.0856764	0.0131868
0.0857496	0.0130688
0.0858228	0.0129525
0.085896	0.0128377
0.0859692	0.0127247
0.0860424	0.0126132
0.0861156	0.0125034
0.0861888	0.0123954
0.086262	0.0122889
0.0863352	0.0121842
0.0864084	0.0120813
0.0864816	0.01198
0.0865548	0.0118805
0.086628	0.0117827
0.0867012	0.0116867
0.0867744	0.0115924
0.0868476	0.0115
0.0869208	0.0114093
0.086994	0.0113204
0.0870672	0.0112333
0.0871404	0.011148
0.0872136	0.0110646
0.0872868	0.010983
0.08736	0.0109032
0.0874333	0.0108252
0.0875065	0.0107491
0.0875797	0.0106748
0.0876529	0.0106024
0.0877261	0.0105318
0.0877993	0.0104631
0.0878725	0.0103962
0.0879457	0.0103312
0.0880189	0.0102681
0.0880921	0.0102069
0.0881653	0.0101475
0.0882385	0.01009
0.0883117	0.0100344
0.0883849	0.0099806
0.0884581	0.00992871
0.0885313	0.0098787
0.0886045	0.00983056
0.0886777	0.00978428
0.0887509	0.00973988
0.0888241	0.00969734
0.0888973	0.00965666
0.0889705	0.00961785
0.0890437	0.00958089
0.0891169	0.00954578
0.0891901	0.00951252
0.0892633	0.00948111
0.0893365	0.00945153
0.0894097	0.00942378
0.0894829	0.00939787
0.0895561	0.00937377
0.0896293	0.00935148
0.0897025	0.00933101
0.0897757	0.00931233
0.0898489	0.00929544
0.0899221	0.00928034
0.0899953	0.00926701
0.0900685	0.00925545
0.0901417	0.00924564
0.0902149	0.00923758
0.0902881	0.00923126
0.0903613	0.00922666
0.0904345	0.00922377
0.0905077	0.00922259
0.0905809	0.00922311
0.0906541	0.0092253
0.0907273	0.00922916
0.0908005	0.00923468
0.0908737	0.00924184
0.090947	0.00925063
0.0910202	0.00926104
0.0910934	0.00927305
0.0911666	0.00928664
0.0912398	0.00930182
0.091313	0.00931855
0.0913862	0.00933682
0.0914594	0.00935662
0.0915326	0.00937794
0.0916058	0.00940075
0.091679	0.00942505
0.0917522	0.00945081
0.0918254	0.00947801
0.0918986	0.00950665
0.0919718	0.0095367
0.092045	0.00956814
0.0921182	0.00960096
0.0921914	0.00963515
0.0922646	0.00967067
0.0923378	0.00970751
0.092411	0.00974566
0.0924842	0.0097851
0.0925574	0.0098258
0.0926306	0.00986774
0.0927038	0.00991091
0.092777	0.00995529
0.0928502	0.0100009
0.0929234	0.0100476
0.0929966	0.0100955
0.0930698	0.0101445
0.093143	0.0101946
0.0932162	0.0102457
0.0932894	0.010298
0.0933626	0.0103513
0.0934358	0.0104056
0.093509	0.0104609
0.0935822	0.0105172
0.0936554	0.0105744
0.0937286	0.0106325
0.0938018	0.0106916
0.093875	0.0107516
0.0939482	0.0108124
0.0940214	0.010874
0.0940946	0.0109365
0.0941678	0.0109998
0.094241	0.0110638
0.0943142	0.0111286
0.0943874	0.0111941
0.0944607	0.0112603
0.0945339	0.0113272
0.0946071	0.0113948
0.0946803	0.0114629
0.0947535	0.0115317
0.0948267	0.0116011
0.0948999	0.011671
0.0949731	0.0117415
0.0950463	0.0118125
0.0951195	0.0118839
0.0951927	0.0119559
0.0952659	0.0120283
0.0953391	0.012101
0.0954123	0.0121742
0.0954855	0.0122478
0.0955587	0.0123217
0.0956319	0.0123959
0.0957051	0.0124704
0.0957783	0.0125452
0.0958515	0.0126203
0.0959247	0.0126956
0.0959979	0.012771
0.0960711	0.0128467
0.0961443	0.0129225
0.0962175	0.0129984
0.0962907	0.0130745
0.0963639	0.0131506
0.0964371	0.0132268
0.0965103	0.013303
0.0965835	0.0133793
0.0966567	0.0134555
0.0967299	0.0135317
0.0968031	0.0136079
0.0968763	0.0136839
0.0969495	0.0137599
0.0970227	0.0138358
0.0970959	0.0139115
0.0971691	0.013987
0.0972423	0.0140623
0.0973155	0.0141374
0.0973887	0.0142123
0.0974619	0.0142869
0.0975351	0.0143613
0.0976083	0.0144353
0.0976815	0.014509
0.0977547	0.0145824
0.0978279	0.0146554
0.0979011	0.014728
0.0979743	0.0148002
0.0980476	0.014872
0.0981208	0.0149433
0.098194	0.0150142
0.0982672	0.0150845
0.0983404	0.0151544
0.0984136	0.0152237
0.0984868	0.0152925
0.09856	0.0153606
0.0986332	0.0154283
0.0987064	0.0154952
0.0987796	0.0155616
0.0988528	0.0156273
0.098926	0.0156924
0.0989992	0.0157567
0.0990724	0.0158204
0.0991456	0.0158833
0.0992188	0.0159455
0.099292	0.016007
0.0993652	0.0160676
0.0994384	0.0161275
0.0995116	0.0161866
0.0995848	0.0162449
0.099658	0.0163023
0.0997312	0.0163588
0.0998044	0.0164145
0.0998776	0.0164693
0.0999508	0.0165232
0.100024	0.0165762
0.100097	0.0166283
0.10017	0.0166794
0.100244	0.0167296
0.100317	0.0167787
0.10039	0.0168269
0.100463	0.0168741
0.100536	0.0169203
0.10061	0.0169655
0.100683	0.0170096
0.100756	0.0170527
0.100829	0.0170947
0.100902	0.0171356
0.100976	0.0171754
0.101049	0.0172142
0.101122	0.0172518
0.101195	0.0172884
0.101268	0.0173238
0.101342	0.0173581
0.101415	0.0173912
0.101488	0.0174232
0.101561	0.017454
0.101634	0.0174836
0.101708	0.0175121
0.101781	0.0175393
0.101854	0.0175654
0.101927	0.0175903
0.102	0.0176139
0.102074	0.0176364
0.102147	0.0176576
0.10222	0.0176776
0.102293	0.0176963
0.102366	0.0177138
0.10244	0.0177301
0.102513	0.0177451
0.102586	0.0177589
0.102659	0.0177714
0.102732	0.0177826
0.102806	0.0177926
0.102879	0.0178013
0.102952	0.0178088
0.103025	0.0178149
0.103098	0.0178198
0.103172	0.0178234
0.103245	0.0178257
0.103318	0.0178268
0.103391	0.0178265
0.103465	0.017825
0.103538	0.0178222
0.103611	0.0178181
0.103684	0.0178127
0.103757	0.0178061
0.103831	0.0177981
0.103904	0.0177889
0.103977	0.0177784
0.10405	0.0177666
0.104123	0.0177535
0.104197	0.0177392
0.10427	0.0177236
0.104343	0.0177067
0.104416	0.0176886
0.104489	0.0176692
0.104563	0.0176485
0.104636	0.0176266
0.104709	0.0176034
0.104782	0.017579
0.104855	0.0175534
0.104929	0.0175265
0.105002	0.0174984
0.105075	0.017469
0.105148	0.0174385
0.105221	0.0174067
0.105295	0.0173738
0.105368	0.0173396
0.105441	0.0173043
0.105514	0.0172677
0.105587	0.01723
0.105661	0.0171911
0.105734	0.0171511
0.105807	0.0171099
0.10588	0.0170676
0.105953	0.0170241
0.106027	0.0169796
0.1061	0.0169339
0.106173	0.0168871
0.106246	0.0168392
0.106319	0.0167902
0.106393	0.0167402
0.106466	0.0166891
0.106539	0.0166369
0.106612	0.0165837
0.106685	0.0165295
0.106759	0.0164743
0.106832	0.016418
0.106905	0.0163608
0.106978	0.0163026
0.107051	0.0162434
0.107125	0.0161832
0.107198	0.0161221
0.107271	0.0160601
0.107344	0.0159972
0.107417	0.0159333
0.107491	0.0158686
0.107564	0.015803
0.107637	0.0157366
0.10771	0.0156692
0.107783	0.0156011
0.107857	0.0155321
0.10793	0.0154624
0.108003	0.0153918
0.108076	0.0153205
0.108149	0.0152484
0.108223	0.0151755
0.108296	0.015102
0.108369	0.0150277
0.108442	0.0149527
0.108515	0.014877
0.108589	0.0148007
0.108662	0.0147237
0.108735	0.0146461
0.108808	0.0145679
0.108881	0.014489
0.108955	0.0144096
0.109028	0.0143296
0.109101	0.0142491
0.109174	0.014168
0.109247	0.0140864
0.109321	0.0140043
0.109394	0.0139217
0.109467	0.0138387
0.10954	0.0137552
0.109613	0.0136712
0.109687	0.0135869
0.10976	0.0135021
0.109833	0.013417
0.109906	0.0133315
0.109979	0.0132457
0.110053	0.0131595
0.110126	0.013073
0.110199	0.0129862
0.110272	0.0128992
0.110345	0.0128119
0.110419	0.0127243
0.110492	0.0126366
0.110565	0.0125486
0.110638	0.0124604
0.110712	0.0123721
0.110785	0.0122836
0.110858	0.012195
0.110931	0.0121062
0.111004	0.0120174
0.111078	0.0119285
0.111151	0.0118395
0.111224	0.0117505
0.111297	0.0116614
0.11137	0.0115724
0.111444	0.0114833
0.111517	0.0113943
0.11159	0.0113053
0.111663	0.0112164
0.111736	0.0111275
0.11181	0.0110388
0.111883	0.0109501
0.111956	0.0108616
0.112029	0.0107732
0.112102	0.010685
0.112176	0.010597
0.112249	0.0105092
0.112322	0.0104216
0.112395	0.0103342
0.112468	0.0102471
0.112542	0.0101602
0.112615	0.0100736
0.112688	0.00998732
0.112761	0.00990134
0.112834	0.0098157
0.112908	0.00973039
0.112981	0.00964545
0.113054	0.00956089
0.113127	0.00947672
0.1132	0.00939296
0.113274	0.00930963
0.113347	0.00922673
0.11342	0.00914429
0.113493	0.00906232
0.113566	0.00898084
0.11364	0.00889986
0.113713	0.00881939
0.113786	0.00873944
0.113859	0.00866005
0.113932	0.00858121
0.114006	0.00850294
0.114079	0.00842526
0.114152	0.00834817
0.114225	0.0082717
0.114298	0.00819586
0.114372	0.00812066
0.114445	0.00804611
0.114518	0.00797222
0.114591	0.00789901
0.114664	0.00782649
0.114738	0.00775468
0.114811	0.00768358
0.114884	0.00761321
0.114957	0.00754357
0.11503	0.00747469
0.115104	0.00740657
0.115177	0.00733922
0.11525	0.00727266
0.115323	0.00720689
0.115396	0.00714192
0.11547	0.00707777
0.115543	0.00701445
0.115616	0.00695196
0.115689	0.00689032
0.115762	0.00682953
0.115836	0.0067696
0.115909	0.00671055
0.115982	0.00665238
0.116055	0.00659511
0.116128	0.00653873
0.116202	0.00648326
0.116275	0.0064287
0.116348	0.00637507
0.116421	0.00632236
0.116494	0.0062706
0.116568	0.00621978
0.116641	0.00616991
0.116714	0.006121
0.116787	0.00607305
0.11686	0.00602608
0.116934	0.00598008
0.117007	0.00593507
0.11708	0.00589104
0.117153	0.00584801
0.117226	0.00580597
0.1173	0.00576494
0.117373	0.00572491
0.117446	0.00568589
0.117519	0.0056479
0.117593	0.00561091
0.117666	0.00557496
0.117739	0.00554003
0.117812	0.00550612
0.117885	0.00547325
0.117959	0.00544142
0.118032	0.00541062
0.118105	0.00538086
0.118178	0.00535214
0.118251	0.00532446
0.118325	0.00529783
0.118398	0.00527224
0.118471	0.0052477
0.118544	0.0052242
0.118617	0.00520175
0.118691	0.00518035
0.118764	0.00515999
0.118837	0.00514068
0.11891	0.00512242
0.118983	0.0051052
0.119057	0.00508902
0.11913	0.00507389
0.119203	0.0050598
0.119276	0.00504675
0.119349	0.00503474
0.119423	0.00502377
0.119496	0.00501382
0.119569	0.00500491
0.119642	0.00499703
0.119715	0.00499017
0.119789	0.00498433
0.119862	0.00497951
0.119935	0.0049757
0.120008	0.0049729
0.120081	0.00497111
0.120155	0.00497033
0.120228	0.00497053
0.120301	0.00497173
0.120374	0.00497392
0.120447	0.00497709
0.120521	0.00498123
0.120594	0.00498635
0.120667	0.00499243
0.12074	0.00499947
0.120813	0.00500746
0.120887	0.00501639
0.12096	0.00502627
0.121033	0.00503708
0.121106	0.00504881
0.121179	0.00506146
0.121253	0.00507502
0.121326	0.00508948
0.121399	0.00510484
0.121472	0.00512108
0.121545	0.0051382
0.121619	0.0051562
0.121692	0.00517505
0.121765	0.00519476
0.121838	0.00521531
0.121911	0.00523669
0.121985	0.0052589
0.122058	0.00528193
0.122131	0.00530576
0.122204	0.00533039
0.122277	0.0053558
0.122351	0.00538199
0.122424	0.00540895
0.122497	0.00543667
0.12257	0.00546513
0.122643	0.00549432
0.122717	0.00552424
0.12279	0.00555487
0.122863	0.0055862
0.122936	0.00561823
0.123009	0.00565093
0.123083	0.0056843
0.123156	0.00571833
0.123229	0.005753
0.123302	0.00578831
0.123375	0.00582424
0.123449	0.00586077
0.123522	0.0058979
0.123595	0.00593562
0.123668	0.00597391
0.123741	0.00601276
0.123815	0.00605215
0.123888	0.00609208
0.123961	0.00613253
0.124034	0.00617349
0.124107	0.00621494
0.124181	0.00625688
0.124254	0.00629929
0.124327	0.00634215
0.1244	0.00638546
0.124473	0.0064292
0.124547	0.00647335
0.12462	0.00651791
0.124693	0.00656285
0.124766	0.00660817
0.12484	0.00665386
0.124913	0.00669989
0.124986	0.00674626
0.125059	0.00679295
0.125132	0.00683995
0.125206	0.00688724
0.125279	0.00693481
0.125352	0.00698265
0.125425	0.00703074
0.125498	0.00707907
0.125572	0.00712762
0.125645	0.00717638
0.125718	0.00722534
0.125791	0.00727448
0.125864	0.00732379
0.125938	0.00737326
0.126011	0.00742286
0.126084	0.00747259
0.126157	0.00752244
0.12623	0.00757238
0.126304	0.00762241
0.126377	0.0076725
0.12645	0.00772266
0.126523	0.00777285
0.126596	0.00782308
0.12667	0.00787332
0.126743	0.00792356
0.126816	0.00797378
0.126889	0.00802399
0.126962	0.00807415
0.127036	0.00812425
0.127109	0.00817429
0.127182	0.00822425
0.127255	0.00827412
0.127328	0.00832387
0.127402	0.00837351
0.127475	0.00842301
0.127548	0.00847236
0.127621	0.00852155
0.127694	0.00857056
0.127768	0.00861939
0.127841	0.00866802
0.127914	0.00871643
0.127987	0.00876462
0.12806	0.00881257
0.128134	0.00886027
0.128207	0.0089077
0.12828	0.00895485
0.128353	0.00900172
0.128426	0.00904828
0.1285	0.00909453
0.128573	0.00914046
0.128646	0.00918605
0.128719	0.00923128
0.128792	0.00927616
0.128866	0.00932066
0.128939	0.00936478
0.129012	0.0094085
0.129085	0.00945182
0.129158	0.00949471
0.129232	0.00953718
0.129305	0.0095792
0.129378	0.00962078
0.129451	0.00966189
0.129524	0.00970253
0.129598	0.00974269
0.129671	0.00978235
0.129744	0.00982151
0.129817	0.00986015
0.12989	0.00989828
0.129964	0.00993587
0.130037	0.00997292
0.13011	0.0100094
0.130183	0.0100453
0.130256	0.0100807
0.13033	0.0101155
0.130403	0.0101497
0.130476	0.0101833
0.130549	0.0102163
0.130622	0.0102487
0.130696	0.0102804
0.130769	0.0103116
0.130842	0.0103421
0.130915	0.0103719
0.130988	0.0104011
0.131062	0.0104296
0.131135	0.0104575
0.131208	0.0104847
0.131281	0.0105112
0.131354	0.0105371
0.131428	0.0105622
0.131501	0.0105866
0.131574	0.0106104
0.131647	0.0106334
0.131721	0.0106557
0.131794	0.0106773
0.131867	0.0106981
0.13194	0.0107182
0.132013	0.0107376
0.132087	0.0107562
0.13216	0.0107741
0.132233	0.0107912
0.132306	0.0108076
0.132379	0.0108232
0.132453	0.0108381
0.132526	0.0108522
0.132599	0.0108655
0.132672	0.010878
0.132745	0.0108898
0.132819	0.0109007
0.132892	0.0109109
0.132965	0.0109203
0.133038	0.010929
0.133111	0.0109368
0.133185	0.0109438
0.133258	0.01095
0.133331	0.0109555
0.133404	0.0109601
0.133477	0.010964
0.133551	0.010967
0.133624	0.0109693
0.133697	0.0109707
0.13377	0.0109713
0.133843	0.0109712
0.133917	0.0109702
0.13399	0.0109684
0.134063	0.0109659
0.134136	0.0109625
0.134209	0.0109583
0.134283	0.0109533
0.134356	0.0109476
0.134429	0.010941
0.134502	0.0109336
0.134575	0.0109255
0.134649	0.0109165
0.134722	0.0109068
0.134795	0.0108962
0.134868	0.0108849
0.134941	0.0108728
0.135015	0.0108599
0.135088	0.0108462
0.135161	0.0108318
0.135234	0.0108166
0.135307	0.0108006
0.135381	0.0107838
0.135454	0.0107663
0.135527	0.0107481
0.1356	0.010729
0.135673	0.0107093
0.135747	0.0106887
0.13582	0.0106675
0.135893	0.0106455
0.135966	0.0106227
0.136039	0.0105993
0.136113	0.0105751
0.136186	0.0105502
0.136259	0.0105246
0.136332	0.0104983
0.136405	0.0104713
0.136479	0.0104436
0.136552	0.0104152
0.136625	0.0103862
0.136698	0.0103564
0.136771	0.010326
0.136845	0.010295
0.136918	0.0102632
0.136991	0.0102309
0.137064	0.0101979
0.137137	0.0101642
0.137211	0.01013
0.137284	0.0100951
0.137357	0.0100596
0.13743	0.0100235
0.137503	0.00998683
0.137577	0.00994956
0.13765	0.00991171
0.137723	0.00987329
0.137796	0.00983431
0.137869	0.00979478
0.137943	0.0097547
0.138016	0.00971409
0.138089	0.00967295
0.138162	0.00963129
0.138235	0.00958912
0.138309	0.00954646
0.138382	0.0095033
0.138455	0.00945967
0.138528	0.00941556
0.138601	0.00937099
0.138675	0.00932596
0.138748	0.0092805
0.138821	0.0092346
0.138894	0.00918827
0.138968	0.00914154
0.139041	0.0090944
0.139114	0.00904687
0.139187	0.00899895
0.13926	0.00895066
0.139334	0.00890201
0.139407	0.00885301
0.13948	0.00880366
0.139553	0.00875399
0.139626	0.00870399
0.1397	0.00865368
0.139773	0.00860308
0.139846	0.00855218
0.139919	0.00850101
0.139992	0.00844957
0.140066	0.00839787
0.140139	0.00834593
0.140212	0.00829375
0.140285	0.00824135
0.140358	0.00818873
0.140432	0.00813591
0.140505	0.00808291
0.140578	0.00802972
0.140651	0.00797636
0.140724	0.00792285
0.140798	0.00786919
0.140871	0.00781539
0.140944	0.00776147
0.141017	0.00770744
0.14109	0.0076533
0.141164	0.00759907
0.141237	0.00754476
0.14131	0.00749039
0.141383	0.00743595
0.141456	0.00738147
0.14153	0.00732695
0.141603	0.00727241
0.141676	0.00721786
0.141749	0.0071633
0.141822	0.00710875
0.141896	0.00705422
0.141969	0.00699972
0.142042	0.00694526
0.142115	0.00689086
0.142188	0.00683652
0.142262	0.00678225
0.142335	0.00672807
0.142408	0.00667398
0.142481	0.00662001
0.142554	0.00656614
0.142628	0.00651241
0.142701	0.00645881
0.142774	0.00640537
0.142847	0.00635208
0.14292	0.00629896
0.142994	0.00624602
0.143067	0.00619328
0.14314	0.00614073
0.143213	0.0060884
0.143286	0.00603628
0.14336	0.0059844
0.143433	0.00593276
0.143506	0.00588137
0.143579	0.00583024
0.143652	0.00577938
0.143726	0.0057288
0.143799	0.00567851
0.143872	0.00562852
0.143945	0.00557884
0.144018	0.00552948
0.144092	0.00548044
0.144165	0.00543174
0.144238	0.00538339
0.144311	0.00533539
0.144384	0.00528775
0.144458	0.00524048
0.144531	0.0051936
0.144604	0.0051471
0.144677	0.00510101
0.14475	0.00505531
0.144824	0.00501003
0.144897	0.00496518
0.14497	0.00492075
0.145043	0.00487676
0.145116	0.00483322
0.14519	0.00479013
0.145263	0.0047475
0.145336	0.00470534
0.145409	0.00466366
0.145482	0.00462246
0.145556	0.00458174
0.145629	0.00454153
0.145702	0.00450181
0.145775	0.00446261
0.145849	0.00442393
0.145922	0.00438576
0.145995	0.00434813
0.146068	0.00431103
0.146141	0.00427447
0.146215	0.00423846
0.146288	0.00420301
0.146361	0.00416811
0.146434	0.00413377
0.146507	0.00410001
0.146581	0.00406681
0.146654	0.0040342
0.146727	0.00400217
0.1468	0.00397074
0.146873	0.00393989
0.146947	0.00390964
0.14702	0.00388
0.147093	0.00385096
0.147166	0.00382253
0.147239	0.00379471
0.147313	0.00376752
0.147386	0.00374094
0.147459	0.00371499
0.147532	0.00368967
0.147605	0.00366498
0.147679	0.00364092
0.147752	0.00361751
0.147825	0.00359473
0.147898	0.00357259
0.147971	0.0035511
0.148045	0.00353025
0.148118	0.00351005
0.148191	0.00349051
0.148264	0.00347161
0.148337	0.00345337
0.148411	0.00343579
0.148484	0.00341886
0.148557	0.00340259
0.14863	0.00338698
0.148703	0.00337203
0.148777	0.00335773
0.14885	0.0033441
0.148923	0.00333113
0.148996	0.00331883
0.149069	0.00330718
0.149143	0.00329619
0.149216	0.00328587
0.149289	0.00327621
0.149362	0.0032672
0.149435	0.00325886
0.149509	0.00325118
0.149582	0.00324415
0.149655	0.00323778
0.149728	0.00323206
0.149801	0.003227
0.149875	0.00322259
0.149948	0.00321884
0.150021	0.00321573
0.150094	0.00321326
0.150167	0.00321144
0.150241	0.00321027
0.150314	0.00320973
0.150387	0.00320983
0.15046	0.00321057
0.150533	0.00321193
0.150607	0.00321393
0.15068	0.00321655
0.150753	0.00321979
0.150826	0.00322365
0.150899	0.00322813
0.150973	0.00323322
0.151046	0.00323891
0.151119	0.00324521
0.151192	0.00325211
0.151265	0.0032596
0.151339	0.00326769
0.151412	0.00327636
0.151485	0.00328562
0.151558	0.00329545
0.151631	0.00330585
0.151705	0.00331682
0.151778	0.00332836
0.151851	0.00334045
0.151924	0.00335309
0.151997	0.00336628
0.152071	0.00338002
0.152144	0.00339428
0.152217	0.00340908
0.15229	0.0034244
0.152363	0.00344024
0.152437	0.00345659
0.15251	0.00347344
0.152583	0.0034908
0.152656	0.00350864
0.152729	0.00352698
0.152803	0.00354579
0.152876	0.00356508
0.152949	0.00358483
0.153022	0.00360504
0.153096	0.00362571
0.153169	0.00364682
0.153242	0.00366837
0.153315	0.00369035
0.153388	0.00371275
0.153462	0.00373557
0.153535	0.0037588
0.153608	0.00378243
0.153681	0.00380645
0.153754	0.00383086
0.153828	0.00385565
0.153901	0.00388081
0.153974	0.00390633
0.154047	0.00393221
0.15412	0.00395843
0.154194	0.00398499
0.154267	0.00401188
0.15434	0.00403909
0.154413	0.00406662
0.154486	0.00409445
0.15456	0.00412258
0.154633	0.004151
0.154706	0.0041797
0.154779	0.00420867
0.154852	0.0042379
0.154926	0.00426739
0.154999	0.00429712
0.155072	0.00432709
0.155145	0.00435729
0.155218	0.00438771
0.155292	0.00441834
0.155365	0.00444917
0.155438	0.00448019
0.155511	0.0045114
0.155584	0.00454279
0.155658	0.00457434
0.155731	0.00460605
0.155804	0.0046379
0.155877	0.0046699
0.15595	0.00470203
0.156024	0.00473428
0.156097	0.00476664
0.15617	0.0047991
0.156243	0.00483166
0.156316	0.00486431
0.15639	0.00489703
0.156463	0.00492982
0.156536	0.00496267
0.156609	0.00499557
0.156682	0.00502851
0.156756	0.00506148
0.156829	0.00509447
0.156902	0.00512748
0.156975	0.00516049
0.157048	0.0051935
0.157122	0.00522649
0.157195	0.00525947
0.157268	0.00529241
0.157341	0.00532531
0.157414	0.00535817
0.157488	0.00539097
0.157561	0.0054237
0.157634	0.00545636
0.157707	0.00548893
0.15778	0.00552141
0.157854	0.00555379
0.157927	0.00558607
0.158	0.00561822
0.158073	0.00565025
0.158146	0.00568215
0.15822	0.0057139
0.158293	0.00574551
0.158366	0.00577695
0.158439	0.00580823
0.158512	0.00583933
0.158586	0.00587025
0.158659	0.00590097
0.158732	0.0059315
0.158805	0.00596182
0.158878	0.00599192
0.158952	0.0060218
0.159025	0.00605145
0.159098	0.00608087
0.159171	0.00611003
0.159244	0.00613895
0.159318	0.0061676
0.159391	0.00619598
0.159464	0.00622409
0.159537	0.00625192
0.15961	0.00627946
0.159684	0.0063067
0.159757	0.00633364
0.15983	0.00636027
0.159903	0.00638658
0.159977	0.00641257
0.16005	0.00643823
0.160123	0.00646355
0.160196	0.00648853
0.160269	0.00651316
0.160343	0.00653744
0.160416	0.00656135
0.160489	0.0065849
0.160562	0.00660807
0.160635	0.00663087
0.160709	0.00665328
0.160782	0.00667529
0.160855	0.00669692
0.160928	0.00671814
0.161001	0.00673896
0.161075	0.00675936
0.161148	0.00677935
0.161221	0.00679892
0.161294	0.00681806
0.161367	0.00683677
0.161441	0.00685505
0.161514	0.00687288
0.161587	0.00689027
0.16166	0.00690721
0.161733	0.0069237
0.161807	0.00693973
0.16188	0.0069553
0.161953	0.00697041
0.162026	0.00698504
0.162099	0.00699921
0.162173	0.0070129
0.162246	0.00702611
0.162319	0.00703884
0.162392	0.00705109
0.162465	0.00706284
0.162539	0.00707411
0.162612	0.00708488
0.162685	0.00709516
0.162758	0.00710494
0.162831	0.00711422
0.162905	0.00712299
0.162978	0.00713126
0.163051	0.00713902
0.163124	0.00714627
0.163197	0.00715301
0.163271	0.00715924
0.163344	0.00716496
0.163417	0.00717016
0.16349	0.00717484
0.163563	0.00717901
0.163637	0.00718265
0.16371	0.00718578
0.163783	0.00718839
0.163856	0.00719048
0.163929	0.00719204
0.164003	0.00719308
0.164076	0.00719361
0.164149	0.0071936
0.164222	0.00719308
0.164295	0.00719204
0.164369	0.00719047
0.164442	0.00718838
0.164515	0.00718578
0.164588	0.00718265
0.164661	0.007179
0.164735	0.00717483
0.164808	0.00717015
0.164881	0.00716495
0.164954	0.00715923
0.165027	0.007153
0.165101	0.00714626
0.165174	0.00713901
0.165247	0.00713125
0.16532	0.00712298
0.165393	0.0071142
0.165467	0.00710492
0.16554	0.00709515
0.165613	0.00708487
0.165686	0.00707409
0.165759	0.00706283
0.165833	0.00705107
0.165906	0.00703882
0.165979	0.00702608
0.166052	0.00701287
0.166125	0.00699917
0.166199	0.006985
0.166272	0.00697035
0.166345	0.00695524
0.166418	0.00693965
0.166491	0.00692361
0.166565	0.0069071
0.166638	0.00689015
0.166711	0.00687273
0.166784	0.00685488
0.166857	0.00683658
0.166931	0.00681783
0.167004	0.00679866
0.167077	0.00677905
0.16715	0.00675902
0.167224	0.00673857
0.167297	0.0067177
0.16737	0.00669642
0.167443	0.00667473
0.167516	0.00665264
0.16759	0.00663015
0.167663	0.00660727
0.167736	0.006584
0.167809	0.00656036
0.167882	0.00653633
0.167956	0.00651194
0.168029	0.00648718
0.168102	0.00646206
0.168175	0.00643658
0.168248	0.00641076
0.168322	0.0063846
0.168395	0.00635809
0.168468	0.00633126
0.168541	0.00630411
0.168614	0.00627663
0.168688	0.00624884
0.168761	0.00622075
0.168834	0.00619236
0.168907	0.00616367
0.16898	0.00613469
0.169054	0.00610544
0.169127	0.00607591
0.1692	0.00604611
0.169273	0.00601605
0.169346	0.00598574
0.16942	0.00595518
0.169493	0.00592438
0.169566	0.00589334
0.169639	0.00586208
0.169712	0.0058306
0.169786	0.0057989
0.169859	0.005767
0.169932	0.00573489
0.170005	0.0057026
0.170078	0.00567012
0.170152	0.00563746
0.170225	0.00560463
0.170298	0.00557163
0.170371	0.00553848
0.170444	0.00550518
0.170518	0.00547173
0.170591	0.00543816
0.170664	0.00540445
0.170737	0.00537062
0.17081	0.00533668
0.170884	0.00530263
0.170957	0.00526849
0.17103	0.00523425
0.171103	0.00519993
0.171176	0.00516553
0.17125	0.00513106
0.171323	0.00509653
0.171396	0.00506195
0.171469	0.00502732
0.171542	0.00499265
0.171616	0.00495794
0.171689	0.00492322
0.171762	0.00488847
0.171835	0.00485371
0.171908	0.00481895
0.171982	0.0047842
0.172055	0.00474945
0.172128	0.00471473
0.172201	0.00468003
0.172274	0.00464537
0.172348	0.00461074
0.172421	0.00457616
0.172494	0.00454164
0.172567	0.00450718
0.17264	0.00447279
0.172714	0.00443848
0.172787	0.00440425
0.17286	0.00437011
0.172933	0.00433607
0.173006	0.00430213
0.17308	0.00426831
0.173153	0.0042346
0.173226	0.00420102
0.173299	0.00416757
0.173372	0.00413426
0.173446	0.0041011
0.173519	0.00406809
0.173592	0.00403523
0.173665	0.00400255
0.173738	0.00397003
0.173812	0.0039377
0.173885	0.00390555
0.173958	0.00387359
0.174031	0.00384183
0.174105	0.00381027
0.174178	0.00377893
0.174251	0.0037478
0.174324	0.00371689
0.174397	0.00368621
0.174471	0.00365577
0.174544	0.00362557
0.174617	0.00359562
0.17469	0.00356591
0.174763	0.00353647
0.174837	0.00350729
0.17491	0.00347838
0.174983	0.00344974
0.175056	0.00342138
0.175129	0.00339331
0.175203	0.00336553
0.175276	0.00333805
0.175349	0.00331087
0.175422	0.00328399
0.175495	0.00325743
0.175569	0.00323118
0.175642	0.00320525
0.175715	0.00317965
0.175788	0.00315437
0.175861	0.00312944
0.175935	0.00310484
0.176008	0.00308058
0.176081	0.00305668
0.176154	0.00303312
0.176227	0.00300992
0.176301	0.00298709
0.176374	0.00296461
0.176447	0.00294251
0.17652	0.00292077
0.176593	0.00289941
0.176667	0.00287843
0.17674	0.00285784
0.176813	0.00283762
0.176886	0.0028178
0.176959	0.00279837
0.177033	0.00277934
0.177106	0.0027607
0.177179	0.00274246
0.177252	0.00272463
0.177325	0.00270721
0.177399	0.00269019
0.177472	0.00267359
0.177545	0.0026574
0.177618	0.00264162
0.177691	0.00262627
0.177765	0.00261133
0.177838	0.00259682
0.177911	0.00258273
0.177984	0.00256907
0.178057	0.00255584
0.178131	0.00254304
0.178204	0.00253066
0.178277	0.00251872
0.17835	0.00250722
0.178423	0.00249614
0.178497	0.00248551
0.17857	0.00247531
0.178643	0.00246555
0.178716	0.00245622
0.178789	0.00244734
0.178863	0.00243889
0.178936	0.00243089
0.179009	0.00242332
0.179082	0.0024162
0.179155	0.00240951
0.179229	0.00240327
0.179302	0.00239746
0.179375	0.0023921
0.179448	0.00238718
0.179521	0.0023827
0.179595	0.00237865
0.179668	0.00237505
0.179741	0.00237188
0.179814	0.00236915
0.179887	0.00236685
0.179961	0.00236499
0.180034	0.00236357
0.180107	0.00236258
0.18018	0.00236201
0.180253	0.00236188
0.180327	0.00236218
0.1804	0.00236291
0.180473	0.00236406
0.180546	0.00236563
0.180619	0.00236762
0.180693	0.00237004
0.180766	0.00237287
0.180839	0.00237612
0.180912	0.00237978
0.180985	0.00238385
0.181059	0.00238833
0.181132	0.00239322
0.181205	0.00239851
0.181278	0.0024042
0.181352	0.00241028
0.181425	0.00241676
0.181498	0.00242364
0.181571	0.0024309
0.181644	0.00243855
0.181718	0.00244658
0.181791	0.00245499
0.181864	0.00246377
0.181937	0.00247293
0.18201	0.00248245
0.182084	0.00249234
0.182157	0.00250259
0.18223	0.0025132
0.182303	0.00252416
0.182376	0.00253547
0.18245	0.00254713
0.182523	0.00255912
0.182596	0.00257146
0.182669	0.00258413
0.182742	0.00259712
0.182816	0.00261044
0.182889	0.00262408
0.182962	0.00263803
0.183035	0.0026523
0.183108	0.00266687
0.183182	0.00268174
0.183255	0.00269691
0.183328	0.00271237
0.183401	0.00272812
0.183474	0.00274414
0.183548	0.00276045
0.183621	0.00277702
0.183694	0.00279386
0.183767	0.00281097
0.18384	0.00282833
0.183914	0.00284594
0.183987	0.00286379
0.18406	0.00288188
0.184133	0.00290021
0.184206	0.00291877
0.18428	0.00293755
0.184353	0.00295655
0.184426	0.00297576
0.184499	0.00299518
0.184572	0.0030148
0.184646	0.00303461
0.184719	0.00305461
0.184792	0.0030748
0.184865	0.00309516
0.184938	0.0031157
0.185012	0.0031364
0.185085	0.00315726
0.185158	0.00317828
0.185231	0.00319944
0.185304	0.00322074
0.185378	0.00324219
0.185451	0.00326376
0.185524	0.00328545
0.185597	0.00330727
0.18567	0.00332919
0.185744	0.00335122
0.185817	0.00337335
0.18589	0.00339557
0.185963	0.00341788
0.186036	0.00344027
0.18611	0.00346274
0.186183	0.00348527
0.186256	0.00350787
0.186329	0.00353052
0.186402	0.00355323
0.186476	0.00357597
0.186549	0.00359876
0.186622	0.00362157
0.186695	0.00364441
0.186768	0.00366727
0.186842	0.00369015
0.186915	0.00371303
0.186988	0.00373591
0.187061	0.00375878
0.187134	0.00378164
0.187208	0.00380449
0.187281	0.00382731
0.187354	0.0038501
0.187427	0.00387285
0.1875	0.00389556
0.187574	0.00391823
0.187647	0.00394083
0.18772	0.00396338
0.187793	0.00398587
0.187866	0.00400828
0.18794	0.00403061
0.188013	0.00405285
0.188086	0.00407501
0.188159	0.00409707
0.188233	0.00411903
0.188306	0.00414089
0.188379	0.00416263
0.188452	0.00418425
0.188525	0.00420574
0.188599	0.00422711
0.188672	0.00424834
0.188745	0.00426943
0.188818	0.00429037
0.188891	0.00431116
0.188965	0.00433179
0.189038	0.00435226
0.189111	0.00437257
0.189184	0.00439269
0.189257	0.00441264
0.189331	0.00443241
0.189404	0.00445199
0.189477	0.00447137
0.18955	0.00449055
0.189623	0.00450953
0.189697	0.0045283
0.18977	0.00454686
0.189843	0.0045652
0.189916	0.00458331
0.189989	0.0046012
0.190063	0.00461886
0.190136	0.00463628
0.190209	0.00465345
0.190282	0.00467038
0.190355	0.00468707
0.190429	0.00470349
0.190502	0.00471966
0.190575	0.00473557
0.190648	0.0047512
0.190721	0.00476657
0.190795	0.00478166
0.190868	0.00479648
0.190941	0.00481101
0.191014	0.00482526
0.191087	0.00483921
0.191161	0.00485288
0.191234	0.00486624
0.191307	0.00487931
0.19138	0.00489207
0.191453	0.00490453
0.191527	0.00491667
0.1916	0.00492851
0.191673	0.00494002
0.191746	0.00495122
0.191819	0.0049621
0.191893	0.00497265
0.191966	0.00498287
0.192039	0.00499277
0.192112	0.00500233
0.192185	0.00501156
0.192259	0.00502045
0.192332	0.005029
0.192405	0.00503721
0.192478	0.00504507
0.192551	0.00505259
0.192625	0.00505976
0.192698	0.00506659
0.192771	0.00507306
0.192844	0.00507917
0.192917	0.00508494
0.192991	0.00509034
0.193064	0.00509539
0.193137	0.00510008
0.19321	0.00510441
0.193283	0.00510838
0.193357	0.00511199
0.19343	0.00511523
0.193503	0.00511811
0.193576	0.00512062
0.193649	0.00512277
0.193723	0.00512455
0.193796	0.00512597
0.193869	0.00512701
0.193942	0.00512769
0.194015	0.005128
0.194089	0.00512795
0.194162	0.00512752
0.194235	0.00512673
0.194308	0.00512557
0.194381	0.00512404
0.194455	0.00512214
0.194528	0.00511987
0.194601	0.00511724
0.194674	0.00511424
0.194747	0.00511088
0.194821	0.00510714
0.194894	0.00510305
0.194967	0.00509859
0.19504	0.00509377
0.195113	0.00508859
0.195187	0.00508304
0.19526	0.00507714
0.195333	0.00507088
0.195406	0.00506426
0.19548	0.00505728
0.195553	0.00504996
0.195626	0.00504228
0.195699	0.00503424
0.195772	0.00502587
0.195846	0.00501714
0.195919	0.00500807
0.195992	0.00499865
0.196065	0.0049889
0.196138	0.0049788
0.196212	0.00496837
0.196285	0.00495761
0.196358	0.00494651
0.196431	0.00493509
0.196504	0.00492333
0.196578	0.00491126
0.196651	0.00489886
0.196724	0.00488614
0.196797	0.00487311
0.19687	0.00485976
0.196944	0.00484611
0.197017	0.00483215
0.19709	0.00481788
0.197163	0.00480331
0.197236	0.00478845
0.19731	0.00477329
0.197383	0.00475784
0.197456	0.0047421
0.197529	0.00472608
0.197602	0.00470979
0.197676	0.00469321
0.197749	0.00467636
0.197822	0.00465924
0.197895	0.00464186
0.197968	0.00462421
0.198042	0.00460631
0.198115	0.00458816
0.198188	0.00456975
0.198261	0.0045511
0.198334	0.00453221
0.198408	0.00451308
0.198481	0.00449372
0.198554	0.00447413
0.198627	0.00445432
0.1987	0.00443429
0.198774	0.00441404
0.198847	0.00439358
0.19892	0.00437291
0.198993	0.00435205
0.199066	0.00433098
0.19914	0.00430973
0.199213	0.00428828
0.199286	0.00426666
0.199359	0.00424485
0.199432	0.00422288
0.199506	0.00420073
0.199579	0.00417842
0.199652	0.00415595
0.199725	0.00413333
0.199798	0.00411056
0.199872	0.00408764
0.199945	0.00406459
0.200018	0.0040414
0.200091	0.00401809
0.200164	0.00399465
0.200238	0.00397109
0.200311	0.00394742
0.200384	0.00392364
0.200457	0.00389976
0.20053	0.00387578
0.200604	0.00385171
0.200677	0.00382755
0.20075	0.00380331
0.200823	0.00377899
0.200896	0.0037546
0.20097	0.00373014
0.201043	0.00370563
0.201116	0.00368105
0.201189	0.00365643
0.201262	0.00363176
0.201336	0.00360706
0.201409	0.00358232
0.201482	0.00355755
0.201555	0.00353275
0.201628	0.00350794
0.201702	0.00348311
0.201775	0.00345828
0.201848	0.00343345
0.201921	0.00340861
0.201994	0.00338379
0.202068	0.00335898
0.202141	0.00333419
0.202214	0.00330942
0.202287	0.00328468
0.202361	0.00325997
0.202434	0.00323531
0.202507	0.00321069
0.20258	0.00318612
0.202653	0.0031616
0.202727	0.00313715
0.2028	0.00311276
0.202873	0.00308844
0.202946	0.0030642
0.203019	0.00304004
0.203093	0.00301597
0.203166	0.00299198
0.203239	0.00296809
0.203312	0.00294431
0.203385	0.00292062
0.203459	0.00289705
0.203532	0.0028736
0.203605	0.00285026
0.203678	0.00282705
0.203751	0.00280397
0.203825	0.00278103
0.203898	0.00275822
0.203971	0.00273556
0.204044	0.00271304
0.204117	0.00269068
0.204191	0.00266848
0.204264	0.00264644
0.204337	0.00262457
0.20441	0.00260287
0.204483	0.00258134
0.204557	0.00255999
0.20463	0.00253883
0.204703	0.00251785
0.204776	0.00249707
0.204849	0.00247648
0.204923	0.0024561
0.204996	0.00243591
0.205069	0.00241594
0.205142	0.00239618
0.205215	0.00237664
0.205289	0.00235731
0.205362	0.00233821
0.205435	0.00231934
0.205508	0.0023007
0.205581	0.00228229
0.205655	0.00226412
0.205728	0.00224619
0.205801	0.00222851
0.205874	0.00221107
0.205947	0.00219389
0.206021	0.00217696
0.206094	0.00216029
0.206167	0.00214388
0.20624	0.00212774
0.206313	0.00211186
0.206387	0.00209625
0.20646	0.00208091
0.206533	0.00206585
0.206606	0.00205107
0.206679	0.00203657
0.206753	0.00202235
0.206826	0.00200841
0.206899	0.00199477
0.206972	0.00198141
0.207045	0.00196835
0.207119	0.00195558
0.207192	0.00194311
0.207265	0.00193094
0.207338	0.00191906
0.207411	0.0019075
0.207485	0.00189623
0.207558	0.00188527
0.207631	0.00187462
0.207704	0.00186428
0.207777	0.00185425
0.207851	0.00184454
0.207924	0.00183513
0.207997	0.00182605
0.20807	0.00181727
0.208143	0.00180882
0.208217	0.00180069
0.20829	0.00179287
0.208363	0.00178538
0.208436	0.0017782
0.208509	0.00177135
0.208583	0.00176483
0.208656	0.00175862
0.208729	0.00175274
0.208802	0.00174719
0.208875	0.00174196
0.208949	0.00173705
0.209022	0.00173247
0.209095	0.00172822
0.209168	0.00172429
0.209241	0.00172069
0.209315	0.00171741
0.209388	0.00171446
0.209461	0.00171184
0.209534	0.00170954
0.209608	0.00170756
0.209681	0.00170591
0.209754	0.00170458
0.209827	0.00170358
0.2099	0.0017029
0.209974	0.00170254
0.210047	0.0017025
0.21012	0.00170278
0.210193	0.00170338
0.210266	0.0017043
0.21034	0.00170553
0.210413	0.00170708
0.210486	0.00170895
0.210559	0.00171113
0.210632	0.00171362
0.210706	0.00171642
0.210779	0.00171953
0.210852	0.00172295
0.210925	0.00172667
0.210998	0.0017307
0.211072	0.00173503
0.211145	0.00173966
0.211218	0.00174458
0.211291	0.00174981
0.211364	0.00175532
0.211438	0.00176113
0.211511	0.00176723
0.211584	0.00177362
0.211657	0.00178029
0.21173	0.00178724
0.211804	0.00179448
0.211877	0.00180199
0.21195	0.00180978
0.212023	0.00181784
0.212096	0.00182617
0.21217	0.00183476
0.212243	0.00184362
0.212316	0.00185275
0.212389	0.00186213
0.212462	0.00187176
0.212536	0.00188165
0.212609	0.00189179
0.212682	0.00190217
0.212755	0.0019128
0.212828	0.00192366
0.212902	0.00193476
0.212975	0.0019461
0.213048	0.00195766
0.213121	0.00196945
0.213194	0.00198146
0.213268	0.0019937
0.213341	0.00200614
0.213414	0.0020188
0.213487	0.00203167
0.21356	0.00204474
0.213634	0.00205801
0.213707	0.00207147
0.21378	0.00208513
0.213853	0.00209898
0.213926	0.00211302
0.214	0.00212723
0.214073	0.00214162
0.214146	0.00215618
0.214219	0.00217092
0.214292	0.00218581
0.214366	0.00220087
0.214439	0.00221608
0.214512	0.00223145
0.214585	0.00224696
0.214658	0.00226262
0.214732	0.00227842
0.214805	0.00229435
0.214878	0.00231041
0.214951	0.00232659
0.215024	0.0023429
0.215098	0.00235933
0.215171	0.00237587
0.215244	0.00239251
0.215317	0.00240927
0.21539	0.00242612
0.215464	0.00244306
0.215537	0.0024601
0.21561	0.00247722
0.215683	0.00249442
0.215756	0.0025117
0.21583	0.00252905
0.215903	0.00254646
0.215976	0.00256394
0.216049	0.00258148
0.216122	0.00259907
0.216196	0.00261671
0.216269	0.0026344
0.216342	0.00265212
0.216415	0.00266988
0.216489	0.00268767
0.216562	0.00270548
0.216635	0.00272332
0.216708	0.00274117
0.216781	0.00275904
0.216855	0.00277691
0.216928	0.00279478
0.217001	0.00281265
0.217074	0.00283051
0.217147	0.00284836
0.217221	0.0028662
0.217294	0.00288401
0.217367	0.0029018
0.21744	0.00291956
0.217513	0.00293729
0.217587	0.00295497
0.21766	0.00297261
0.217733	0.00299021
0.217806	0.00300775
0.217879	0.00302523
0.217953	0.00304266
0.218026	0.00306001
0.218099	0.0030773
0.218172	0.00309451
0.218245	0.00311164
0.218319	0.00312869
0.218392	0.00314565
0.218465	0.00316252
0.218538	0.00317929
0.218611	0.00319596
0.218685	0.00321253
0.218758	0.00322899
0.218831	0.00324533
0.218904	0.00326156
0.218977	0.00327766
0.219051	0.00329364
0.219124	0.00330949
0.219197	0.00332521
0.21927	0.00334079
0.219343	0.00335622
0.219417	0.00337152
0.21949	0.00338666
0.219563	0.00340165
0.219636	0.00341648
0.219709	0.00343116
0.219783	0.00344567
0.219856	0.00346001
0.219929	0.00347418
0.220002	0.00348817
0.220075	0.00350199
0.220149	0.00351563
0.220222	0.00352908
0.220295	0.00354234
0.220368	0.00355541
0.220441	0.00356828
0.220515	0.00358096
0.220588	0.00359344
0.220661	0.00360571
0.220734	0.00361777
0.220807	0.00362963
0.220881	0.00364127
0.220954	0.00365269
0.221027	0.00366389
0.2211	0.00367488
0.221173	0.00368564
0.221247	0.00369617
0.22132	0.00370647
0.221393	0.00371653
0.221466	0.00372637
0.221539	0.00373596
0.221613	0.00374532
0.221686	0.00375443
0.221759	0.0037633
0.221832	0.00377193
0.221905	0.0037803
0.221979	0.00378843
0.222052	0.0037963
0.222125	0.00380391
0.222198	0.00381127
0.222271	0.00381838
0.222345	0.00382522
0.222418	0.0038318
0.222491	0.00383811
0.222564	0.00384416
0.222637	0.00384995
0.222711	0.00385546
0.222784	0.00386071
0.222857	0.00386569
0.22293	0.00387039
0.223003	0.00387482
0.223077	0.00387898
0.22315	0.00388286
0.223223	0.00388646
0.223296	0.00388979
0.223369	0.00389284
0.223443	0.00389561
0.223516	0.0038981
0.223589	0.00390031
0.223662	0.00390224
0.223736	0.00390389
0.223809	0.00390526
0.223882	0.00390634
0.223955	0.00390715
0.224028	0.00390766
0.224102	0.0039079
0.224175	0.00390785
0.224248	0.00390752
0.224321	0.00390691
0.224394	0.00390602
0.224468	0.00390484
0.224541	0.00390338
0.224614	0.00390163
0.224687	0.00389961
0.22476	0.0038973
0.224834	0.00389471
0.224907	0.00389184
0.22498	0.00388869
0.225053	0.00388526
0.225126	0.00388155
0.2252	0.00387757
0.225273	0.0038733
0.225346	0.00386877
0.225419	0.00386395
0.225492	0.00385887
0.225566	0.00385351
0.225639	0.00384787
0.225712	0.00384197
0.225785	0.0038358
0.225858	0.00382936
0.225932	0.00382265
0.226005	0.00381568
0.226078	0.00380845
0.226151	0.00380095
0.226224	0.0037932
0.226298	0.00378518
0.226371	0.00377691
0.226444	0.00376839
0.226517	0.00375961
0.22659	0.00375058
0.226664	0.0037413
0.226737	0.00373178
0.22681	0.00372201
0.226883	0.003712
0.226956	0.00370175
0.22703	0.00369126
0.227103	0.00368053
0.227176	0.00366957
0.227249	0.00365839
0.227322	0.00364697
0.227396	0.00363532
0.227469	0.00362346
0.227542	0.00361137
0.227615	0.00359907
0.227688	0.00358655
0.227762	0.00357382
0.227835	0.00356088
0.227908	0.00354773
0.227981	0.00353438
0.228054	0.00352083
0.228128	0.00350708
0.228201	0.00349313
0.228274	0.003479
0.228347	0.00346467
0.22842	0.00345016
0.228494	0.00343547
0.228567	0.0034206
0.22864	0.00340556
0.228713	0.00339034
0.228786	0.00337496
0.22886	0.00335941
0.228933	0.0033437
0.229006	0.00332782
0.229079	0.0033118
0.229152	0.00329562
0.229226	0.0032793
0.229299	0.00326283
0.229372	0.00324622
0.229445	0.00322947
0.229518	0.00321259
0.229592	0.00319559
0.229665	0.00317845
0.229738	0.0031612
0.229811	0.00314382
0.229884	0.00312633
0.229958	0.00310873
0.230031	0.00309103
0.230104	0.00307322
0.230177	0.00305531
0.23025	0.00303731
0.230324	0.00301922
0.230397	0.00300104
0.23047	0.00298277
0.230543	0.00296443
0.230617	0.00294601
0.23069	0.00292752
0.230763	0.00290897
0.230836	0.00289035
0.230909	0.00287167
0.230983	0.00285294
0.231056	0.00283415
0.231129	0.00281532
0.231202	0.00279645
0.231275	0.00277754
0.231349	0.00275859
0.231422	0.00273961
0.231495	0.00272061
0.231568	0.00270158
0.231641	0.00268254
0.231715	0.00266348
0.231788	0.00264441
0.231861	0.00262533
0.231934	0.00260625
0.232007	0.00258718
0.232081	0.00256811
0.232154	0.00254905
0.232227	0.00253001
0.2323	0.00251098
0.232373	0.00249198
0.232447	0.002473
0.23252	0.00245405
0.232593	0.00243514
0.232666	0.00241626
0.232739	0.00239743
0.232813	0.00237865
0.232886	0.00235991
0.232959	0.00234123
0.233032	0.00232261
0.233105	0.00230405
0.233179	0.00228555
0.233252	0.00226713
0.233325	0.00224877
0.233398	0.0022305
0.233471	0.00221231
0.233545	0.0021942
0.233618	0.00217618
0.233691	0.00215826
0.233764	0.00214042
0.233837	0.00212269
0.233911	0.00210507
0.233984	0.00208755
0.234057	0.00207014
0.23413	0.00205284
0.234203	0.00203567
0.234277	0.00201861
0.23435	0.00200168
0.234423	0.00198488
0.234496	0.00196821
0.234569	0.00195167
0.234643	0.00193527
0.234716	0.00191902
0.234789	0.0019029
0.234862	0.00188694
0.234935	0.00187113
0.235009	0.00185547
0.235082	0.00183997
0.235155	0.00182463
0.235228	0.00180945
0.235301	0.00179444
0.235375	0.0017796
0.235448	0.00176493
0.235521	0.00175044
0.235594	0.00173612
0.235667	0.00172199
0.235741	0.00170804
0.235814	0.00169427
0.235887	0.00168069
0.23596	0.00166731
0.236033	0.00165412
0.236107	0.00164112
0.23618	0.00162832
0.236253	0.00161573
0.236326	0.00160334
0.236399	0.00159115
0.236473	0.00157917
0.236546	0.0015674
0.236619	0.00155585
0.236692	0.0015445
0.236765	0.00153338
0.236839	0.00152247
0.236912	0.00151178
0.236985	0.00150132
0.237058	0.00149108
0.237131	0.00148106
0.237205	0.00147128
0.237278	0.00146172
0.237351	0.00145239
0.237424	0.00144329
0.237497	0.00143443
0.237571	0.0014258
0.237644	0.00141741
0.237717	0.00140926
0.23779	0.00140134
0.237864	0.00139367
0.237937	0.00138624
0.23801	0.00137905
0.238083	0.0013721
0.238156	0.0013654
0.23823	0.00135894
0.238303	0.00135273
0.238376	0.00134677
0.238449	0.00134105
0.238522	0.00133558
0.238596	0.00133036
0.238669	0.00132539
0.238742	0.00132067
0.238815	0.00131621
0.238888	0.00131199
0.238962	0.00130802
0.239035	0.00130431
0.239108	0.00130084
0.239181	0.00129763
0.239254	0.00129467
0.239328	0.00129197
0.239401	0.00128951
0.239474	0.00128731
0.239547	0.00128536
0.23962	0.00128366
0.239694	0.00128221
0.239767	0.00128101
0.23984	0.00128006
0.239913	0.00127937
0.239986	0.00127892
0.24006	0.00127872
0.240133	0.00127877
0.240206	0.00127907
0.240279	0.00127962
0.240352	0.00128041
0.240426	0.00128145
0.240499	0.00128273
0.240572	0.00128425
0.240645	0.00128602
0.240718	0.00128803
0.240792	0.00129028
0.240865	0.00129277
0.240938	0.0012955
0.241011	0.00129847
0.241084	0.00130167
0.241158	0.00130511
0.241231	0.00130878
0.241304	0.00131268
0.241377	0.00131681
0.24145	0.00132116
0.241524	0.00132575
0.241597	0.00133056
0.24167	0.00133559
0.241743	0.00134084
0.241816	0.00134632
0.24189	0.00135201
0.241963	0.00135792
0.242036	0.00136404
0.242109	0.00137037
0.242182	0.00137691
0.242256	0.00138366
0.242329	0.00139062
0.242402	0.00139778
0.242475	0.00140514
0.242548	0.0014127
0.242622	0.00142045
0.242695	0.0014284
0.242768	0.00143654
0.242841	0.00144487
0.242914	0.00145339
0.242988	0.00146209
0.243061	0.00147097
0.243134	0.00148003
0.243207	0.00148927
0.24328	0.00149868
0.243354	0.00150826
0.243427	0.001518
0.2435	0.00152792
0.243573	0.00153799
0.243646	0.00154823
0.24372	0.00155862
0.243793	0.00156917
0.243866	0.00157986
0.243939	0.00159071
0.244012	0.0016017
0.244086	0.00161283
0.244159	0.00162409
0.244232	0.0016355
0.244305	0.00164703
0.244378	0.0016587
0.244452	0.00167049
0.244525	0.0016824
0.244598	0.00169443
0.244671	0.00170658
0.244745	0.00171884
0.244818	0.00173121
0.244891	0.00174369
0.244964	0.00175627
0.245037	0.00176895
0.245111	0.00178172
0.245184	0.00179459
0.245257	0.00180755
0.24533	0.00182059
0.245403	0.00183371
0.245477	0.00184691
0.24555	0.00186019
0.245623	0.00187354
0.245696	0.00188696
0.245769	0.00190044
0.245843	0.00191398
0.245916	0.00192758
0.245989	0.00194124
0.246062	0.00195494
0.246135	0.0019687
0.246209	0.00198249
0.246282	0.00199633
0.246355	0.0020102
0.246428	0.0020241
0.246501	0.00203803
0.246575	0.00205199
0.246648	0.00206597
0.246721	0.00207997
0.246794	0.00209398
0.246867	0.002108
0.246941	0.00212203
0.247014	0.00213607
0.247087	0.0021501
0.24716	0.00216413
0.247233	0.00217816
0.247307	0.00219217
0.24738	0.00220617
0.247453	0.00222015
0.247526	0.00223411
0.247599	0.00224804
0.247673	0.00226195
0.247746	0.00227583
0.247819	0.00228967
0.247892	0.00230347
0.247965	0.00231723
0.248039	0.00233094
0.248112	0.0023446
0.248185	0.00235821
0.248258	0.00237177
0.248331	0.00238526
0.248405	0.0023987
0.248478	0.00241206
0.248551	0.00242536
0.248624	0.00243858
0.248697	0.00245173
0.248771	0.0024648
0.248844	0.00247778
0.248917	0.00249068
0.24899	0.0025035
0.249063	0.00251621
0.249137	0.00252884
0.24921	0.00254136
0.249283	0.00255378
0.249356	0.0025661
0.249429	0.00257831
0.249503	0.00259041
0.249576	0.0026024
0.249649	0.00261427
0.249722	0.00262602
0.249795	0.00263764
0.249869	0.00264914
0.249942	0.00266052
0.250015	0.00267176
0.250088	0.00268287
0.250161	0.00269384
0.250235	0.00270467
0.250308	0.00271536
0.250381	0.00272591
0.250454	0.00273631
0.250527	0.00274656
0.250601	0.00275666
0.250674	0.0027666
0.250747	0.00277639
0.25082	0.00278601
0.250893	0.00279548
0.250967	0.00280478
0.25104	0.00281392
0.251113	0.00282288
0.251186	0.00283168
0.251259	0.0028403
0.251333	0.00284875
0.251406	0.00285702
0.251479	0.00286512
0.251552	0.00287303
0.251625	0.00288076
0.251699	0.0028883
0.251772	0.00289566
0.251845	0.00290283
0.251918	0.00290981
0.251992	0.0029166
0.252065	0.0029232
0.252138	0.0029296
0.252211	0.00293581
0.252284	0.00294181
0.252358	0.00294762
0.252431	0.00295323
0.252504	0.00295863
0.252577	0.00296383
0.25265	0.00296883
0.252724	0.00297362
0.252797	0.00297821
0.25287	0.00298258
0.252943	0.00298675
0.253016	0.00299071
0.25309	0.00299446
0.253163	0.00299799
0.253236	0.00300131
0.253309	0.00300442
0.253382	0.00300732
0.253456	0.00301
0.253529	0.00301246
0.253602	0.00301471
0.253675	0.00301674
0.253748	0.00301855
0.253822	0.00302015
0.253895	0.00302153
0.253968	0.00302269
0.254041	0.00302363
0.254114	0.00302436
0.254188	0.00302486
0.254261	0.00302515
0.254334	0.00302521
0.254407	0.00302506
0.25448	0.00302469
0.254554	0.0030241
0.254627	0.00302329
0.2547	0.00302226
0.254773	0.00302101
0.254846	0.00301955
0.25492	0.00301786
0.254993	0.00301596
0.255066	0.00301385
0.255139	0.00301151
0.255212	0.00300896
0.255286	0.0030062
0.255359	0.00300322
0.255432	0.00300002
0.255505	0.00299662
0.255578	0.002993
0.255652	0.00298917
0.255725	0.00298512
0.255798	0.00298087
0.255871	0.00297641
0.255944	0.00297175
0.256018	0.00296687
0.256091	0.00296179
0.256164	0.00295651
0.256237	0.00295102
0.25631	0.00294533
0.256384	0.00293944
0.256457	0.00293335
0.25653	0.00292706
0.256603	0.00292058
0.256676	0.0029139
0.25675	0.00290703
0.256823	0.00289997
0.256896	0.00289271
0.256969	0.00288527
0.257042	0.00287764
0.257116	0.00286983
0.257189	0.00286183
0.257262	0.00285366
0.257335	0.0028453
0.257408	0.00283676
0.257482	0.00282805
0.257555	0.00281917
0.257628	0.00281011
0.257701	0.00280089
0.257774	0.0027915
0.257848	0.00278194
0.257921	0.00277222
0.257994	0.00276234
0.258067	0.0027523
0.25814	0.0027421
0.258214	0.00273176
0.258287	0.00272125
0.25836	0.0027106
0.258433	0.00269981
0.258506	0.00268887
0.25858	0.00267778
0.258653	0.00266656
0.258726	0.0026552
0.258799	0.00264371
0.258873	0.00263208
0.258946	0.00262033
0.259019	0.00260845
0.259092	0.00259644
0.259165	0.00258432
0.259239	0.00257208
0.259312	0.00255972
0.259385	0.00254725
0.259458	0.00253467
0.259531	0.00252198
0.259605	0.00250919
0.259678	0.00249629
0.259751	0.0024833
0.259824	0.00247022
0.259897	0.00245704
0.259971	0.00244377
0.260044	0.00243041
0.260117	0.00241697
0.26019	0.00240345
0.260263	0.00238986
0.260337	0.00237618
0.26041	0.00236244
0.260483	0.00234863
0.260556	0.00233475
0.260629	0.00232081
0.260703	0.00230681
0.260776	0.00229276
0.260849	0.00227865
0.260922	0.00226449
0.260995	0.00225029
0.261069	0.00223604
0.261142	0.00222175
0.261215	0.00220743
0.261288	0.00219307
0.261361	0.00217868
0.261435	0.00216426
0.261508	0.00214981
0.261581	0.00213535
0.261654	0.00212086
0.261727	0.00210637
0.261801	0.00209186
0.261874	0.00207734
0.261947	0.00206281
0.26202	0.00204828
0.262093	0.00203376
0.262167	0.00201923
0.26224	0.00200472
0.262313	0.00199021
0.262386	0.00197572
0.262459	0.00196124
0.262533	0.00194679
0.262606	0.00193235
0.262679	0.00191795
0.262752	0.00190357
0.262825	0.00188922
0.262899	0.00187491
0.262972	0.00186063
0.263045	0.0018464
0.263118	0.00183221
0.263191	0.00181807
0.263265	0.00180398
0.263338	0.00178994
0.263411	0.00177596
0.263484	0.00176204
0.263557	0.00174818
0.263631	0.00173438
0.263704	0.00172066
0.263777	0.001707
0.26385	0.00169342
0.263923	0.00167991
0.263997	0.00166649
0.26407	0.00165314
0.264143	0.00163988
0.264216	0.00162671
0.264289	0.00161363
0.264363	0.00160065
0.264436	0.00158776
0.264509	0.00157496
0.264582	0.00156227
0.264655	0.00154969
0.264729	0.00153721
0.264802	0.00152483
0.264875	0.00151257
0.264948	0.00150043
0.265021	0.0014884
0.265095	0.00147649
0.265168	0.0014647
0.265241	0.00145304
0.265314	0.0014415
0.265387	0.00143009
0.265461	0.00141881
0.265534	0.00140766
0.265607	0.00139665
0.26568	0.00138577
0.265753	0.00137504
0.265827	0.00136445
0.2659	0.001354
0.265973	0.00134369
0.266046	0.00133354
0.26612	0.00132353
0.266193	0.00131368
0.266266	0.00130398
0.266339	0.00129443
0.266412	0.00128504
0.266486	0.00127582
0.266559	0.00126675
0.266632	0.00125784
0.266705	0.0012491
0.266778	0.00124052
0.266852	0.00123211
0.266925	0.00122387
0.266998	0.0012158
0.267071	0.0012079
0.267144	0.00120018
0.267218	0.00119263
0.267291	0.00118525
0.267364	0.00117806
0.267437	0.00117104
0.26751	0.0011642
0.267584	0.00115754
0.267657	0.00115106
0.26773	0.00114477
0.267803	0.00113866
0.267876	0.00113273
0.26795	0.00112699
0.268023	0.00112144
0.268096	0.00111607
0.268169	0.0011109
0.268242	0.00110591
0.268316	0.00110111
0.268389	0.0010965
0.268462	0.00109208
0.268535	0.00108786
0.268608	0.00108383
0.268682	0.00107999
0.268755	0.00107634
0.268828	0.00107288
0.268901	0.00106962
0.268974	0.00106656
0.269048	0.00106369
0.269121	0.00106101
0.269194	0.00105853
0.269267	0.00105624
0.26934	0.00105415
0.269414	0.00105225
0.269487	0.00105055
0.26956	0.00104904
0.269633	0.00104772
0.269706	0.0010466
0.26978	0.00104568
0.269853	0.00104495
0.269926	0.00104441
0.269999	0.00104407
0.270072	0.00104392
0.270146	0.00104396
0.270219	0.0010442
0.270292	0.00104462
0.270365	0.00104524
0.270438	0.00104605
0.270512	0.00104704
0.270585	0.00104823
0.270658	0.00104961
0.270731	0.00105117
0.270804	0.00105292
0.270878	0.00105485
0.270951	0.00105697
0.271024	0.00105928
0.271097	0.00106176
0.27117	0.00106443
0.271244	0.00106728
0.271317	0.00107031
0.27139	0.00107352
0.271463	0.0010769
0.271536	0.00108046
0.27161	0.0010842
0.271683	0.00108811
0.271756	0.00109219
0.271829	0.00109645
0.271902	0.00110087
0.271976	0.00110546
0.272049	0.00111021
0.272122	0.00111514
0.272195	0.00112022
0.272268	0.00112547
0.272342	0.00113087
0.272415	0.00113643
0.272488	0.00114216
0.272561	0.00114803
0.272634	0.00115406
0.272708	0.00116024
0.272781	0.00116657
0.272854	0.00117304
0.272927	0.00117966
0.273001	0.00118643
0.273074	0.00119333
0.273147	0.00120038
0.27322	0.00120756
0.273293	0.00121488
0.273367	0.00122233
0.27344	0.00122991
0.273513	0.00123762
0.273586	0.00124546
0.273659	0.00125342
0.273733	0.0012615
0.273806	0.00126971
0.273879	0.00127803
0.273952	0.00128646
0.274025	0.00129501
0.274099	0.00130367
0.274172	0.00131244
0.274245	0.00132131
0.274318	0.00133029
0.274391	0.00133936
0.274465	0.00134854
0.274538	0.00135781
0.274611	0.00136717
0.274684	0.00137663
0.274757	0.00138617
0.274831	0.0013958
0.274904	0.00140551
0.274977	0.0014153
0.27505	0.00142517
0.275123	0.00143511
0.275197	0.00144513
0.27527	0.00145521
0.275343	0.00146536
0.275416	0.00147558
0.275489	0.00148586
0.275563	0.0014962
0.275636	0.00150659
0.275709	0.00151703
0.275782	0.00152753
0.275855	0.00153808
0.275929	0.00154866
0.276002	0.0015593
0.276075	0.00156997
0.276148	0.00158067
0.276221	0.00159142
0.276295	0.00160219
0.276368	0.00161299
0.276441	0.00162381
0.276514	0.00163466
0.276587	0.00164553
0.276661	0.00165642
0.276734	0.00166732
0.276807	0.00167823
0.27688	0.00168915
0.276953	0.00170007
0.277027	0.001711
0.2771	0.00172193
0.277173	0.00173285
0.277246	0.00174377
0.277319	0.00175468
0.277393	0.00176558
0.277466	0.00177647
0.277539	0.00178734
0.277612	0.00179819
0.277685	0.00180902
0.277759	0.00181982
0.277832	0.00183059
0.277905	0.00184134
0.277978	0.00185205
0.278051	0.00186272
0.278125	0.00187336
0.278198	0.00188395
0.278271	0.00189451
0.278344	0.00190501
0.278417	0.00191546
0.278491	0.00192587
0.278564	0.00193622
0.278637	0.00194651
0.27871	0.00195674
0.278783	0.00196691
0.278857	0.00197701
0.27893	0.00198705
0.279003	0.00199701
0.279076	0.00200691
0.279149	0.00201673
0.279223	0.00202647
0.279296	0.00203613
0.279369	0.00204571
0.279442	0.0020552
0.279515	0.00206461
0.279589	0.00207393
0.279662	0.00208315
0.279735	0.00209229
0.279808	0.00210132
0.279881	0.00211026
0.279955	0.0021191
0.280028	0.00212783
0.280101	0.00213646
0.280174	0.00214498
0.280248	0.00215339
0.280321	0.00216169
0.280394	0.00216988
0.280467	0.00217795
0.28054	0.0021859
0.280614	0.00219374
0.280687	0.00220145
0.28076	0.00220904
0.280833	0.0022165
0.280906	0.00222384
0.28098	0.00223105
0.281053	0.00223812
0.281126	0.00224507
0.281199	0.00225188
0.281272	0.00225855
0.281346	0.00226509
0.281419	0.00227149
0.281492	0.00227775
0.281565	0.00228386
0.281638	0.00228983
0.281712	0.00229566
0.281785	0.00230134
0.281858	0.00230687
0.281931	0.00231225
0.282004	0.00231748
0.282078	0.00232256
0.282151	0.00232749
0.282224	0.00233226
0.282297	0.00233687
0.28237	0.00234133
0.282444	0.00234563
0.282517	0.00234978
0.28259	0.00235376
0.282663	0.00235758
0.282736	0.00236124
0.28281	0.00236474
0.282883	0.00236807
0.282956	0.00237124
0.283029	0.00237424
0.283102	0.00237708
0.283176	0.00237975
0.283249	0.00238225
0.283322	0.00238459
0.283395	0.00238675
0.283468	0.00238875
0.283542	0.00239058
0.283615	0.00239223
0.283688	0.00239372
0.283761	0.00239504
0.283834	0.00239618
0.283908	0.00239716
0.283981	0.00239796
0.284054	0.00239859
0.284127	0.00239904
0.2842	0.00239933
0.284274	0.00239944
0.284347	0.00239938
0.28442	0.00239915
0.284493	0.00239875
0.284566	0.00239817
0.28464	0.00239742
0.284713	0.0023965
0.284786	0.0023954
0.284859	0.00239414
0.284932	0.0023927
0.285006	0.0023911
0.285079	0.00238932
0.285152	0.00238737
0.285225	0.00238525
0.285298	0.00238296
0.285372	0.00238051
0.285445	0.00237788
0.285518	0.00237509
0.285591	0.00237213
0.285664	0.002369
0.285738	0.00236571
0.285811	0.00236226
0.285884	0.00235863
0.285957	0.00235485
0.28603	0.0023509
0.286104	0.0023468
0.286177	0.00234253
0.28625	0.0023381
0.286323	0.00233351
0.286396	0.00232876
0.28647	0.00232386
0.286543	0.00231881
0.286616	0.00231359
0.286689	0.00230823
0.286762	0.00230271
0.286836	0.00229705
0.286909	0.00229123
0.286982	0.00228527
0.287055	0.00227916
0.287128	0.0022729
0.287202	0.0022665
0.287275	0.00225996
0.287348	0.00225328
0.287421	0.00224645
0.287495	0.00223949
0.287568	0.0022324
0.287641	0.00222517
0.287714	0.00221781
0.287787	0.00221031
0.287861	0.00220269
0.287934	0.00219494
0.288007	0.00218706
0.28808	0.00217906
0.288153	0.00217093
0.288227	0.00216269
0.2883	0.00215433
0.288373	0.00214585
0.288446	0.00213725
0.288519	0.00212854
0.288593	0.00211973
0.288666	0.0021108
0.288739	0.00210177
0.288812	0.00209263
0.288885	0.00208339
0.288959	0.00207405
0.289032	0.00206461
0.289105	0.00205507
0.289178	0.00204544
0.289251	0.00203572
0.289325	0.0020259
0.289398	0.002016
0.289471	0.00200602
0.289544	0.00199595
0.289617	0.0019858
0.289691	0.00197557
0.289764	0.00196527
0.289837	0.00195489
0.28991	0.00194444
0.289983	0.00193393
0.290057	0.00192334
0.29013	0.00191269
0.290203	0.00190198
0.290276	0.00189121
0.290349	0.00188038
0.290423	0.0018695
0.290496	0.00185856
0.290569	0.00184758
0.290642	0.00183655
0.290715	0.00182547
0.290789	0.00181435
0.290862	0.00180319
0.290935	0.00179199
0.291008	0.00178076
0.291081	0.00176949
0.291155	0.0017582
0.291228	0.00174688
0.291301	0.00173553
0.291374	0.00172416
0.291447	0.00171277
0.291521	0.00170136
0.291594	0.00168994
0.291667	0.00167851
0.29174	0.00166706
0.291813	0.00165561
0.291887	0.00164415
0.29196	0.0016327
0.292033	0.00162124
0.292106	0.00160978
0.292179	0.00159833
0.292253	0.00158689
0.292326	0.00157546
0.292399	0.00156404
0.292472	0.00155264
0.292545	0.00154125
0.292619	0.00152989
0.292692	0.00151855
0.292765	0.00150723
0.292838	0.00149594
0.292911	0.00148468
0.292985	0.00147346
0.293058	0.00146227
0.293131	0.00145111
0.293204	0.00144
0.293277	0.00142893
0.293351	0.00141791
0.293424	0.00140693
0.293497	0.001396
0.29357	0.00138512
0.293643	0.0013743
0.293717	0.00136353
0.29379	0.00135283
0.293863	0.00134218
0.293936	0.0013316
0.294009	0.00132108
0.294083	0.00131063
0.294156	0.00130026
0.294229	0.00128995
0.294302	0.00127972
0.294376	0.00126956
0.294449	0.00125949
0.294522	0.00124949
0.294595	0.00123958
0.294668	0.00122976
0.294742	0.00122002
0.294815	0.00121037
0.294888	0.00120081
0.294961	0.00119135
0.295034	0.00118198
0.295108	0.0011727
0.295181	0.00116353
0.295254	0.00115446
0.295327	0.00114549
0.2954	0.00113663
0.295474	0.00112787
0.295547	0.00111922
0.29562	0.00111068
0.295693	0.00110226
0.295766	0.00109394
0.29584	0.00108574
0.295913	0.00107766
0.295986	0.0010697
0.296059	0.00106186
0.296132	0.00105414
0.296206	0.00104654
0.296279	0.00103907
0.296352	0.00103172
0.296425	0.00102451
0.296498	0.00101742
0.296572	0.00101046
0.296645	0.00100363
0.296718	0.000996937
0.296791	0.000990378
0.296864	0.000983954
0.296938	0.000977667
0.297011	0.000971519
0.297084	0.000965509
0.297157	0.00095964
0.29723	0.000953913
0.297304	0.000948327
0.297377	0.000942886
0.29745	0.000937589
0.297523	0.000932437
0.297596	0.000927431
0.29767	0.000922573
0.297743	0.000917863
0.297816	0.000913301
0.297889	0.00090889
0.297962	0.000904628
0.298036	0.000900518
0.298109	0.000896559
0.298182	0.000892752
0.298255	0.000889099
0.298328	0.000885599
0.298402	0.000882253
0.298475	0.000879061
0.298548	0.000876024
0.298621	0.000873142
0.298694	0.000870416
0.298768	0.000867846
0.298841	0.000865433
0.298914	0.000863175
0.298987	0.000861075
0.29906	0.000859131
0.299134	0.000857345
0.299207	0.000855715
0.29928	0.000854243
0.299353	0.000852928
0.299426	0.000851771
0.2995	0.000850771
0.299573	0.000849927
0.299646	0.000849241
0.299719	0.000848712
0.299792	0.000848339
