1	0.966403
1.49988	0.964385
1.99976	0.961629
2.49963	0.958204
2.99951	0.954195
3.49939	0.949703
3.99927	0.944841
4.49915	0.93973
4.99902	0.934501
5.4989	0.929284
5.99878	0.92421
6.49866	0.919404
6.99853	0.914983
7.49841	0.911048
7.99829	0.907683
8.49817	0.904954
8.99805	0.902899
9.49792	0.901535
9.9978	0.90085
10.4977	0.900808
10.9976	0.901345
11.4974	0.902378
11.9973	0.903801
12.4972	0.905492
12.9971	0.907319
13.4969	0.909136
13.9968	0.910798
14.4967	0.912155
14.9966	0.913062
15.4965	0.91338
15.9963	0.912981
16.4962	0.911746
16.9961	0.909573
17.496	0.906375
17.9958	0.902082
18.4957	0.896641
18.9956	0.890022
19.4955	0.88221
19.9954	0.873212
20.4952	0.863053
20.9951	0.851778
21.495	0.839448
21.9949	0.826144
22.4947	0.811961
22.9946	0.797011
23.4945	0.781417
23.9944	0.765315
24.4943	0.74885
24.9941	0.732174
25.494	0.715442
25.9939	0.698813
26.4938	0.682442
26.9937	0.666478
27.4935	0.651062
27.9934	0.636319
28.4933	0.62236
28.9932	0.609272
29.493	0.597119
29.9929	0.58594
30.4928	0.575744
30.9927	0.566512
31.4926	0.5582
31.9924	0.550736
32.4923	0.54403
32.9922	0.537971
33.4921	0.532437
33.9919	0.527297
34.4918	0.522416
34.9917	0.517662
35.4916	0.512907
35.9915	0.508032
36.4913	0.502928
36.9912	0.497501
37.4911	0.491671
37.991	0.485375
38.4908	0.478563
38.9907	0.471204
39.4906	0.463282
39.9905	0.454793
40.4904	0.445751
40.9902	0.436181
41.4901	0.426119
41.99	0.415613
42.4899	0.404719
42.9897	0.393501
43.4896	0.382028
43.9895	0.370376
44.4894	0.35862
44.9893	0.346841
45.4891	0.335116
45.989	0.323522
46.4889	0.312131
46.9888	0.301011
47.4886	0.290224
47.9885	0.279824
48.4884	0.269853
48.9883	0.260348
49.4882	0.251333
49.988	0.242821
50.4879	0.234815
50.9878	0.227309
51.4877	0.220289
51.9875	0.213731
52.4874	0.20761
52.9873	0.201892
53.4872	0.196547
53.9871	0.191542
54.4869	0.186845
54.9868	0.18243
55.4867	0.178275
55.9866	0.17436
56.4864	0.170673
56.9863	0.167204
57.4862	0.163951
57.9861	0.16091
58.486	0.158083
58.9858	0.155471
59.4857	0.153074
59.9856	0.150892
60.4855	0.148918
60.9853	0.147145
61.4852	0.145559
61.9851	0.144142
62.485	0.142873
62.9849	0.141725
63.4847	0.140669
63.9846	0.139676
64.4845	0.138714
64.9844	0.137755
65.4842	0.136771
65.9841	0.13574
66.484	0.134646
66.9839	0.133476
67.4838	0.132226
67.9836	0.130902
68.4835	0.129514
68.9834	0.128084
69.4833	0.126639
69.9832	0.125216
70.483	0.123857
70.9829	0.122611
71.4828	0.121526
71.9827	0.120656
72.4825	0.120047
72.9824	0.119744
73.4823	0.119781
73.9822	0.120182
74.4821	0.120957
74.9819	0.122102
75.4818	0.123599
75.9817	0.125415
76.4816	0.127507
76.9814	0.129821
77.4813	0.132298
77.9812	0.134874
78.4811	0.137483
78.981	0.140061
79.4808	0.142547
79.9807	0.144883
80.4806	0.147015
80.9805	0.148897
81.4803	0.15049
81.9802	0.15176
82.4801	0.152682
82.98	0.153237
83.4799	0.153416
83.9797	0.153216
84.4796	0.152641
84.9795	0.151704
85.4794	0.150424
85.9792	0.148827
86.4791	0.146946
86.979	0.144819
87.4789	0.14249
87.9788	0.140009
88.4786	0.137427
88.9785	0.134799
89.4784	0.132181
89.9783	0.129628
90.4781	0.127193
90.978	0.124924
91.4779	0.122862
91.9778	0.121043
92.4777	0.119487
92.9775	0.118207
93.4774	0.117203
93.9773	0.116462
94.4772	0.115961
94.977	0.115667
95.4769	0.115538
95.9768	0.11553
96.4767	0.115593
96.9766	0.115679
97.4764	0.115738
97.9763	0.115726
98.4762	0.115603
98.9761	0.115332
99.4759	0.114884
99.9758	0.114237
100.476	0.113373
100.976	0.112283
101.475	0.110963
101.975	0.109417
102.475	0.107654
102.975	0.105688
103.475	0.103539
103.975	0.101233
104.475	0.098798
104.975	0.096267
105.474	0.0936754
105.974	0.0910612
106.474	0.0884632
106.974	0.0859206
107.474	0.0834716
107.974	0.0811523
108.474	0.078995
108.974	0.0770274
109.474	0.075271
109.973	0.0737403
110.473	0.0724423
110.973	0.0713762
111.473	0.0705338
111.973	0.0699006
112.473	0.0694569
112.973	0.0691794
113.473	0.0690433
113.972	0.0690231
114.472	0.0690948
114.972	0.0692364
115.472	0.0694291
115.972	0.0696573
116.472	0.0699092
116.972	0.0701764
117.472	0.0704533
117.971	0.0707373
118.471	0.0710275
118.971	0.0713244
119.471	0.0716289
119.971	0.071942
120.471	0.0722638
120.971	0.0725935
121.471	0.0729285
121.97	0.0732643
122.47	0.0735948
122.97	0.0739121
123.47	0.0742067
123.97	0.0744682
124.47	0.0746855
124.97	0.0748473
125.47	0.074943
125.969	0.0749632
126.469	0.0749001
126.969	0.0747482
127.469	0.0745051
127.969	0.0741713
128.469	0.0737511
128.969	0.0732527
129.469	0.0726883
129.968	0.0720738
130.468	0.0714294
130.968	0.070778
131.468	0.0701458
131.968	0.0695604
132.468	0.0690502
132.968	0.0686426
133.468	0.0683628
133.968	0.0682318
134.467	0.0682653
134.967	0.0684717
135.467	0.0688519
135.967	0.0693985
136.467	0.0700963
136.967	0.0709226
137.467	0.0718486
137.967	0.072841
138.466	0.073863
138.966	0.0748762
139.466	0.0758417
139.966	0.0767217
140.466	0.0774802
140.966	0.0780841
141.466	0.078504
141.966	0.0787144
142.465	0.0786944
142.965	0.0784283
143.465	0.0779056
143.965	0.0771216
144.465	0.0760772
144.965	0.0747799
145.465	0.0732435
145.965	0.0714885
146.464	0.0695427
146.964	0.0674409
147.464	0.0652261
147.964	0.0629485
148.464	0.0606664
148.964	0.0584448
149.464	0.0563547
149.964	0.0544698
150.463	0.0528634
150.963	0.0516018
151.463	0.0507384
151.963	0.0503069
152.463	0.0503159
152.963	0.0507472
153.463	0.051558
153.963	0.0526858
154.463	0.0540555
154.962	0.0555858
155.462	0.0571954
155.962	0.0588067
156.462	0.0603484
156.962	0.0617569
157.462	0.0629768
157.962	0.0639608
158.462	0.0646699
158.961	0.0650729
159.461	0.065146
159.961	0.0648729
160.461	0.0642444
160.961	0.0632583
161.461	0.0619198
161.961	0.0602412
162.461	0.0582423
162.96	0.0559512
163.46	0.0534048
163.96	0.0506502
164.46	0.0477466
164.96	0.044767
165.46	0.0418019
165.96	0.0389613
166.46	0.0363773
166.959	0.0342005
167.459	0.0325886
167.959	0.0316816
168.459	0.0315674
168.959	0.0322538
169.459	0.0336653
169.959	0.0356675
170.459	0.0381013
170.958	0.0408111
171.458	0.0436587
171.958	0.0465277
172.458	0.0493224
172.958	0.0519647
173.458	0.0543913
173.958	0.056551
174.458	0.0584032
174.958	0.0599158
175.457	0.0610649
175.957	0.0618339
176.457	0.0622129
176.957	0.0621987
177.457	0.0617949
177.957	0.0610113
178.457	0.0598643
178.957	0.0583776
179.456	0.0565819
179.956	0.0545158
180.456	0.0522269
180.956	0.0497724
181.456	0.0472209
181.956	0.0446535
182.456	0.0421651
182.956	0.0398641
183.455	0.0378696
183.955	0.0363033
184.455	0.0352753
184.955	0.0348643
185.455	0.0350997
185.955	0.0359537
186.455	0.0373483
186.955	0.0391734
187.454	0.0413061
187.954	0.0436267
188.454	0.0460264
188.954	0.0484109
189.454	0.0507008
189.954	0.0528298
190.454	0.0547436
190.954	0.0563982
191.453	0.0577586
191.953	0.0587979
192.453	0.0594966
192.953	0.0598421
193.453	0.0598279
193.953	0.0594538
194.453	0.0587256
194.953	0.0576549
195.453	0.0562591
195.952	0.0545619
196.452	0.0525931
196.952	0.0503891
197.452	0.0479941
197.952	0.0454602
198.452	0.0428494
198.952	0.0402341
199.452	0.0376993
199.951	0.0353421
200.451	0.0332703
200.951	0.0315959
201.451	0.030422
201.951	0.0298241
202.451	0.0298315
202.951	0.0304177
203.451	0.0315065
203.95	0.0329905
204.45	0.0347512
204.95	0.036675
205.45	0.0386609
205.95	0.0406236
206.45	0.0424928
206.95	0.0442114
207.45	0.0457343
207.949	0.0470262
208.449	0.0480603
208.949	0.0488174
209.449	0.0492852
209.949	0.0494575
210.449	0.0493339
210.949	0.0489195
211.449	0.0482248
211.948	0.0472655
212.448	0.0460627
212.948	0.0446428
213.448	0.0430379
213.948	0.041286
214.448	0.0394315
214.948	0.0375257
215.448	0.0356271
215.947	0.0338013
216.447	0.03212
216.947	0.0306582
217.447	0.029489
217.947	0.0286751
218.447	0.0282596
218.947	0.0282576
219.447	0.028652
219.947	0.0293975
220.446	0.0304291
220.946	0.0316723
221.446	0.0330521
221.946	0.0344987
222.446	0.0359511
222.946	0.0373573
223.446	0.0386746
223.946	0.039869
224.445	0.0409141
224.945	0.0417905
225.445	0.0424851
225.945	0.0429904
226.445	0.0433042
226.945	0.0434293
227.445	0.0433728
227.945	0.0431463
228.444	0.0427652
228.944	0.0422486
229.444	0.041619
229.944	0.0409021
230.444	0.0401258
230.944	0.0393202
231.444	0.038516
231.944	0.0377445
232.443	0.0370352
232.943	0.0364152
233.443	0.0359071
233.943	0.0355279
234.443	0.0352876
234.943	0.0351883
235.443	0.0352247
235.943	0.0353843
236.442	0.0356489
236.942	0.0359959
237.442	0.0364004
237.942	0.0368363
238.442	0.0372785
238.942	0.0377034
239.442	0.0380899
239.942	0.0384201
240.442	0.0386798
240.941	0.0388582
241.441	0.0389483
241.941	0.0389469
242.441	0.0388543
242.941	0.0386743
243.441	0.0384138
243.941	0.0380829
244.441	0.0376938
244.94	0.0372613
245.44	0.0368017
245.94	0.0363323
246.44	0.0358708
246.94	0.0354345
247.44	0.0350393
247.94	0.034699
248.44	0.0344243
248.939	0.0342225
249.439	0.0340966
249.939	0.0340454
250.439	0.0340633
250.939	0.0341412
251.439	0.0342668
251.939	0.0344254
252.439	0.0346012
252.938	0.0347775
253.438	0.0349382
253.938	0.0350679
254.438	0.035153
254.938	0.0351819
255.438	0.0351451
255.938	0.0350362
256.438	0.0348511
256.937	0.0345889
257.437	0.0342516
257.937	0.0338441
258.437	0.0333743
258.937	0.0328527
259.437	0.0322925
259.937	0.0317092
260.437	0.0311205
260.937	0.0305451
261.436	0.0300028
261.936	0.0295131
262.436	0.0290945
262.936	0.0287631
263.436	0.0285318
263.936	0.0284091
264.436	0.0283985
264.936	0.0284981
265.435	0.028701
265.935	0.0289955
266.435	0.0293666
266.935	0.0297966
267.435	0.0302663
267.935	0.0307564
268.435	0.0312479
268.935	0.0317231
269.434	0.0321662
269.934	0.0325633
270.434	0.0329029
270.934	0.0331758
271.434	0.0333757
271.934	0.0334983
272.434	0.033542
272.934	0.0335074
273.433	0.0333977
273.933	0.0332176
274.433	0.0329744
274.933	0.0326766
275.433	0.0323344
275.933	0.0319594
276.433	0.0315639
276.933	0.0311606
277.432	0.0307627
277.932	0.0303827
278.432	0.0300324
278.932	0.0297223
279.432	0.0294611
279.932	0.0292554
280.432	0.0291092
280.932	0.0290242
281.432	0.0289995
281.931	0.0290318
282.431	0.0291159
282.931	0.0292449
283.431	0.0294109
283.931	0.0296056
284.431	0.0298202
284.931	0.0300464
285.431	0.0302764
285.93	0.0305035
286.43	0.0307217
286.93	0.0309263
287.43	0.0311135
287.93	0.0312807
288.43	0.0314263
288.93	0.0315493
289.43	0.0316497
289.929	0.0317275
290.429	0.0317833
290.929	0.0318177
291.429	0.0318313
291.929	0.0318243
292.429	0.0317966
292.929	0.0317477
293.429	0.0316767
293.928	0.0315821
294.428	0.0314621
294.928	0.0313146
295.428	0.0311373
295.928	0.030928
296.428	0.0306846
296.928	0.0304056
297.428	0.0300901
297.927	0.029738
298.427	0.0293506
298.927	0.0289303
299.427	0.0284813
299.927	0.0280094
300.427	0.0275223
300.927	0.0270295
301.427	0.0265423
301.926	0.0260738
302.426	0.0256384
302.926	0.025251
303.426	0.0249269
303.926	0.0246804
304.426	0.024524
304.926	0.0244671
305.426	0.0245156
305.926	0.0246705
306.425	0.0249282
306.925	0.0252803
307.425	0.0257144
307.925	0.0262143
308.425	0.0267619
308.925	0.027337
309.425	0.0279194
309.925	0.0284885
310.424	0.0290246
310.924	0.0295095
311.424	0.0299261
311.924	0.0302594
312.424	0.0304963
312.924	0.0306261
313.424	0.0306402
313.924	0.0305327
314.423	0.0303
314.923	0.0299415
315.423	0.0294594
315.923	0.0288589
316.423	0.0281486
316.923	0.0273405
317.423	0.0264508
317.923	0.0254994
318.422	0.0245114
318.922	0.0235163
319.422	0.0225487
319.922	0.021648
320.422	0.0208567
320.922	0.0202182
321.422	0.0197732
321.922	0.019554
322.421	0.0195798
322.921	0.0198529
323.421	0.0203587
323.921	0.0210679
324.421	0.0219416
324.921	0.0229364
325.421	0.0240082
325.921	0.0251153
326.421	0.0262194
326.92	0.0272869
327.42	0.0282882
327.92	0.029198
328.42	0.0299951
328.92	0.0306619
329.42	0.0311841
329.92	0.0315511
330.42	0.031755
330.919	0.0317915
331.419	0.031659
331.919	0.0313592
332.419	0.0308968
332.919	0.0302799
333.419	0.0295197
333.919	0.0286313
334.419	0.0276332
334.918	0.0265485
335.418	0.0254045
335.918	0.0242337
336.418	0.0230735
336.918	0.0219667
337.418	0.0209604
337.918	0.020104
338.418	0.0194452
338.917	0.0190248
339.417	0.0188695
339.917	0.0189869
340.417	0.0193638
340.917	0.0199686
341.417	0.0207575
341.917	0.0216807
342.417	0.0226883
342.916	0.0237335
343.416	0.0247748
343.916	0.0257761
344.416	0.026707
344.916	0.0275421
345.416	0.028261
345.916	0.0288473
346.416	0.0292889
346.916	0.0295772
347.415	0.029707
347.915	0.0296765
348.415	0.0294872
348.915	0.0291436
349.415	0.0286535
349.915	0.0280278
350.415	0.0272806
350.915	0.0264296
351.414	0.0254958
351.914	0.0245038
352.414	0.0234822
352.914	0.022463
353.414	0.0214819
353.914	0.0205771
354.414	0.0197875
354.914	0.0191504
355.413	0.0186973
355.913	0.0184497
356.413	0.0184159
356.913	0.0185887
357.413	0.0189473
357.913	0.01946
358.413	0.020089
358.913	0.0207948
359.412	0.0215389
359.912	0.0222862
360.412	0.0230062
360.912	0.0236728
361.412	0.0242648
361.912	0.0247652
362.412	0.0251615
362.912	0.025445
363.411	0.0256108
363.911	0.0256575
364.411	0.0255871
364.911	0.025405
365.411	0.0251199
365.911	0.0247434
366.411	0.0242905
366.911	0.0237789
367.411	0.0232292
367.91	0.0226643
368.41	0.0221089
368.91	0.0215887
369.41	0.0211291
369.91	0.0207538
370.41	0.0204827
370.91	0.0203302
371.41	0.0203035
371.909	0.0204023
372.409	0.0206181
372.909	0.0209358
373.409	0.021335
373.909	0.021792
374.409	0.0222816
374.909	0.0227789
375.409	0.0232602
375.908	0.023704
376.408	0.0240913
376.908	0.0244063
377.408	0.0246361
377.908	0.0247712
378.408	0.0248053
378.908	0.0247353
379.408	0.0245617
379.907	0.024288
380.407	0.0239212
380.907	0.023472
381.407	0.0229544
381.907	0.022386
382.407	0.0217878
382.907	0.0211844
383.407	0.0206026
383.906	0.0200717
384.406	0.0196209
384.906	0.019278
385.406	0.0190666
385.906	0.0190033
386.406	0.0190957
386.906	0.0193415
387.406	0.0197286
387.905	0.0202365
388.405	0.0208393
388.905	0.0215075
389.405	0.0222109
389.905	0.0229198
390.405	0.0236064
390.905	0.0242456
391.405	0.0248147
391.905	0.0252945
392.404	0.0256686
392.904	0.0259235
393.404	0.0260489
393.904	0.0260374
394.404	0.0258843
394.904	0.025588
395.404	0.02515
395.904	0.0245745
396.403	0.0238692
396.903	0.0230452
397.403	0.0221172
397.903	0.0211041
398.403	0.0200298
398.903	0.0189237
399.403	0.0178214
399.903	0.016766
400.402	0.0158075
400.902	0.0150015
401.402	0.0144047
401.902	0.0140664
402.402	0.0140182
402.902	0.0142656
403.402	0.0147859
403.902	0.015535
404.401	0.0164577
404.901	0.0174969
405.401	0.0185994
405.901	0.0197188
406.401	0.0208156
406.901	0.0218566
407.401	0.0228144
407.901	0.0236664
408.4	0.0243941
408.9	0.0249828
409.4	0.0254208
409.9	0.0256997
410.4	0.0258136
410.9	0.0257596
411.4	0.0255372
411.9	0.0251487
412.4	0.0245987
412.899	0.0238947
413.399	0.0230471
413.899	0.0220693
414.399	0.0209779
414.899	0.0197937
415.399	0.0185425
415.899	0.0172558
416.399	0.0159728
416.898	0.0147421
417.398	0.0136235
417.898	0.0126869
418.398	0.0120077
418.898	0.0116529
419.398	0.0116618
419.898	0.0120306
420.398	0.0127143
420.897	0.0136428
421.397	0.0147405
421.897	0.0159384
422.397	0.0171789
422.897	0.0184156
423.397	0.0196116
423.897	0.0207375
424.397	0.0217702
424.896	0.022691
425.396	0.0234855
425.896	0.0241425
426.396	0.0246537
426.896	0.0250136
427.396	0.0252192
427.896	0.0252698
428.396	0.0251671
428.895	0.0249149
429.395	0.0245194
429.895	0.023989
430.395	0.0233344
430.895	0.0225689
431.395	0.0217083
431.895	0.0207712
432.395	0.0197795
432.895	0.0187587
433.394	0.0177381
433.894	0.0167514
434.394	0.0158363
434.894	0.0150335
435.394	0.0143843
435.894	0.0139264
436.394	0.0136875
436.894	0.0136801
437.393	0.013898
437.893	0.0143178
438.393	0.0149038
438.893	0.0156149
439.393	0.0164093
439.893	0.0172489
440.393	0.0180999
440.893	0.018934
441.392	0.0197276
441.892	0.0204617
442.392	0.0211208
442.892	0.0216932
443.392	0.0221696
443.892	0.0225436
444.392	0.0228111
444.892	0.0229701
445.391	0.0230202
445.891	0.0229633
446.391	0.0228026
446.891	0.0225432
447.391	0.0221914
447.891	0.0217553
448.391	0.0212443
448.891	0.0206693
449.39	0.0200426
449.89	0.0193779
450.39	0.0186903
450.89	0.0179964
451.39	0.0173138
451.89	0.0166613
452.39	0.016058
452.89	0.015523
453.389	0.0150742
453.889	0.014727
454.389	0.014493
454.889	0.0143786
455.389	0.0143846
455.889	0.0145056
456.389	0.0147311
456.889	0.0150465
457.389	0.0154351
457.888	0.015879
458.388	0.0163606
458.888	0.0168632
459.388	0.0173717
459.888	0.0178727
460.388	0.0183543
460.888	0.0188066
461.388	0.0192209
461.887	0.0195903
462.387	0.0199089
462.887	0.020172
463.387	0.0203759
463.887	0.0205181
464.387	0.0205968
464.887	0.0206111
465.387	0.020561
465.886	0.0204472
466.386	0.0202715
466.886	0.0200362
467.386	0.019745
467.886	0.0194022
468.386	0.0190133
468.886	0.018585
469.386	0.0181253
469.885	0.0176433
470.385	0.0171499
470.885	0.0166571
471.385	0.0161785
471.885	0.0157286
472.385	0.0153232
472.885	0.0149777
473.385	0.0147071
473.884	0.0145246
474.384	0.0144401
474.884	0.0144595
475.384	0.0145837
475.884	0.0148086
476.384	0.0151253
476.884	0.0155213
477.384	0.0159814
477.884	0.0164888
478.383	0.0170262
478.883	0.0175767
479.383	0.0181239
479.883	0.0186528
480.383	0.0191495
480.883	0.0196016
481.383	0.019998
481.883	0.0203293
482.382	0.0205875
482.882	0.0207661
483.382	0.02086
483.882	0.0208658
484.382	0.0207816
484.882	0.0206071
485.382	0.0203438
485.882	0.0199949
486.381	0.0195654
486.881	0.0190624
487.381	0.0184953
487.881	0.0178757
488.381	0.0172177
488.881	0.0165384
489.381	0.0158575
489.881	0.015198
490.38	0.0145852
490.88	0.0140462
491.38	0.0136084
491.88	0.0132966
492.38	0.0131305
492.88	0.0131213
493.38	0.0132695
493.88	0.0135653
494.379	0.0139895
494.879	0.0145173
495.379	0.0151207
495.879	0.0157716
496.379	0.0164429
496.879	0.0171102
497.379	0.0177518
497.879	0.0183488
498.379	0.0188848
498.878	0.0193465
499.378	0.0197225
499.878	0.020004
500.378	0.0201844
500.878	0.0202589
501.378	0.020225
501.878	0.0200822
502.378	0.0198318
502.877	0.0194775
503.377	0.0190249
503.877	0.018482
504.377	0.0178589
504.877	0.0171688
505.377	0.0164274
505.877	0.0156538
506.377	0.0148706
506.876	0.0141045
507.376	0.0133855
507.876	0.0127473
508.376	0.0122244
508.876	0.0118497
509.376	0.011649
509.876	0.0116367
510.376	0.0118117
510.875	0.0121585
511.375	0.0126498
511.875	0.0132519
512.375	0.0139297
512.875	0.0146496
513.375	0.0153815
513.875	0.0160992
514.375	0.0167806
514.874	0.0174073
515.374	0.0179642
515.874	0.0184391
516.374	0.0188229
516.874	0.0191085
517.374	0.0192914
517.874	0.0193693
518.374	0.0193419
518.874	0.0192111
519.373	0.0189809
519.873	0.0186572
520.373	0.0182484
520.873	0.0177647
521.373	0.0172189
521.873	0.016626
522.373	0.0160037
522.873	0.0153721
523.372	0.0147536
523.872	0.0141727
524.372	0.0136551
524.872	0.0132257
525.372	0.0129075
525.872	0.0127177
526.372	0.0126663
526.872	0.0127537
527.371	0.0129709
527.871	0.0133011
528.371	0.0137219
528.871	0.0142085
529.371	0.0147356
529.871	0.0152793
530.371	0.0158181
530.871	0.0163332
531.37	0.0168087
531.87	0.0172316
532.37	0.0175914
532.87	0.0178804
533.37	0.018093
533.87	0.0182261
534.37	0.0182787
534.87	0.0182517
535.369	0.0181481
535.869	0.0179727
536.369	0.0177324
536.869	0.0174356
537.369	0.0170924
537.869	0.0167147
538.369	0.0163154
538.869	0.0159089
539.368	0.0155101
539.868	0.0151342
540.368	0.0147959
540.868	0.0145084
541.368	0.0142829
541.868	0.0141272
542.368	0.0140453
542.868	0.0140367
543.368	0.014097
543.867	0.0142178
544.367	0.0143879
544.867	0.0145941
545.367	0.0148225
545.867	0.0150591
546.367	0.0152909
546.867	0.0155059
547.367	0.0156939
547.866	0.0158465
548.366	0.0159574
548.866	0.0160223
549.366	0.016039
549.866	0.0160073
550.366	0.015929
550.866	0.0158079
551.366	0.0156496
551.865	0.0154616
552.365	0.0152527
552.865	0.0150332
553.365	0.0148143
553.865	0.0146076
554.365	0.0144247
554.865	0.0142763
555.365	0.0141715
555.864	0.0141173
556.364	0.0141177
556.864	0.0141731
557.364	0.014281
557.864	0.0144353
558.364	0.0146274
558.864	0.0148467
559.364	0.0150811
559.863	0.0153183
560.363	0.0155456
560.863	0.0157513
561.363	0.0159243
561.863	0.0160552
562.363	0.0161356
562.863	0.0161593
563.363	0.0161216
563.863	0.0160197
564.362	0.015853
564.862	0.0156231
565.362	0.0153335
565.862	0.0149904
566.362	0.0146024
566.862	0.0141809
567.362	0.0137398
567.862	0.013296
568.361	0.0128691
568.861	0.0124804
569.361	0.0121528
569.861	0.0119083
570.361	0.0117665
570.861	0.0117416
571.361	0.0118406
571.861	0.0120619
572.36	0.012396
572.86	0.0128264
573.36	0.0133325
573.86	0.0138914
574.36	0.0144799
574.86	0.0150757
575.36	0.0156583
575.86	0.0162088
576.359	0.0167108
576.859	0.0171499
577.359	0.0175138
577.859	0.0177921
578.359	0.0179767
578.859	0.0180609
579.359	0.0180404
579.859	0.0179125
580.358	0.0176764
580.858	0.0173333
581.358	0.0168865
581.858	0.0163414
582.358	0.0157057
582.858	0.0149899
583.358	0.0142074
583.858	0.0133754
584.358	0.0125157
584.857	0.0116555
585.357	0.0108291
585.857	0.0100781
586.357	0.00945152
586.857	0.00900159
587.357	0.0087748
587.857	0.00879933
588.357	0.00907522
588.856	0.00957451
589.356	0.0102513
589.856	0.0110539
590.356	0.0119338
590.856	0.0128491
591.356	0.0137651
591.856	0.0146531
592.356	0.0154901
592.855	0.0162569
593.355	0.0169377
593.855	0.0175198
594.355	0.0179925
594.855	0.0183476
595.355	0.0185785
595.855	0.0186809
596.355	0.0186518
596.854	0.0184901
597.354	0.0181964
597.854	0.0177728
598.354	0.0172233
598.854	0.0165532
599.354	0.0157701
599.854	0.0148831
600.354	0.0139038
600.853	0.0128465
601.353	0.0117289
601.853	0.0105738
602.353	0.0094116
602.853	0.0082843
603.353	0.00725223
603.853	0.00640148
604.353	0.00584288
604.853	0.00568111
605.352	0.00595152
605.852	0.0065913
606.352	0.00748721
606.852	0.00853349
607.352	0.00965185
607.852	0.0107882
608.352	0.0119048
608.852	0.0129743
609.351	0.0139764
609.851	0.0148951
610.351	0.0157176
610.851	0.0164341
611.351	0.0170363
611.851	0.0175184
612.351	0.0178757
612.851	0.0181054
613.35	0.0182063
613.85	0.0181783
614.35	0.0180232
614.85	0.0177438
615.35	0.0173447
615.85	0.0168319
616.35	0.0162129
616.85	0.0154969
617.349	0.0146949
617.849	0.0138201
618.349	0.0128882
618.849	0.0119185
619.349	0.0109344
619.849	0.00996546
620.349	0.00904939
620.849	0.00823375
621.348	0.00757617
621.848	0.00713848
622.348	0.0069714
622.848	0.00709394
623.348	0.00748331
623.848	0.00808581
624.348	0.0088379
624.848	0.00968157
625.347	0.0105699
625.847	0.0114669
626.347	0.0123451
626.847	0.0131837
627.347	0.0139665
627.847	0.0146812
628.347	0.0153179
628.847	0.0158693
629.347	0.0163299
629.846	0.0166957
630.346	0.0169644
630.846	0.0171349
631.346	0.0172074
631.846	0.0171833
632.346	0.0170652
632.846	0.0168567
633.346	0.0165625
633.845	0.0161885
634.345	0.0157417
634.845	0.0152301
635.345	0.0146631
635.845	0.0140513
636.345	0.0134067
636.845	0.0127431
637.345	0.0120761
637.844	0.0114232
638.344	0.0108041
638.844	0.0102404
639.344	0.00975463
639.844	0.00936915
640.344	0.00910342
640.844	0.00897115
641.344	0.0089776
641.843	0.00911834
642.343	0.00938018
642.843	0.0097437
643.343	0.0101865
643.843	0.0106858
644.343	0.0112204
644.843	0.0117715
645.343	0.0123228
645.842	0.0128605
646.342	0.0133732
646.842	0.0138511
647.342	0.0142865
647.842	0.0146727
648.342	0.0150045
648.842	0.0152777
649.342	0.0154887
649.842	0.0156354
650.341	0.0157158
650.841	0.0157292
651.341	0.0156753
651.841	0.0155546
652.341	0.0153683
652.841	0.0151184
653.341	0.0148077
653.841	0.0144399
654.34	0.0140193
654.84	0.0135518
655.34	0.0130441
655.84	0.0125044
656.34	0.0119426
656.84	0.0113706
657.34	0.0108021
657.84	0.0102536
658.339	0.00974392
658.839	0.00929407
659.339	0.00892619
659.839	0.00866169
660.339	0.00851836
660.839	0.00850723
661.339	0.00863025
661.839	0.00887978
662.338	0.00924027
662.838	0.00969118
663.338	0.01021
663.838	0.0107743
664.338	0.0113636
664.838	0.0119593
665.338	0.0125452
665.838	0.0131073
666.337	0.0136333
666.837	0.0141129
667.337	0.0145373
667.837	0.0148989
668.337	0.0151917
668.837	0.0154106
669.337	0.0155519
669.837	0.015613
670.337	0.0155923
670.836	0.0154897
671.336	0.0153058
671.836	0.015043
672.336	0.0147046
672.836	0.0142955
673.336	0.013822
673.836	0.0132923
674.336	0.0127164
674.835	0.0121065
675.335	0.0114773
675.835	0.0108467
676.335	0.0102356
676.835	0.00966848
677.335	0.00917267
677.835	0.00877687
678.335	0.00850805
678.834	0.00838694
679.334	0.00842345
679.834	0.00861408
680.334	0.00894279
680.834	0.00938487
681.334	0.00991167
681.834	0.0104945
682.334	0.0111071
682.833	0.0117262
683.333	0.0123322
683.833	0.0129084
684.333	0.0134412
684.833	0.0139191
685.333	0.0143329
685.833	0.0146754
686.333	0.0149409
686.832	0.0151254
687.332	0.0152264
687.832	0.0152427
688.332	0.0151749
688.832	0.0150246
689.332	0.0147951
689.832	0.0144909
690.332	0.0141181
690.832	0.0136845
691.331	0.0131993
691.831	0.0126738
692.331	0.0121211
692.831	0.0115562
693.331	0.0109965
693.831	0.0104616
694.331	0.00997252
694.831	0.00955141
695.33	0.0092195
695.83	0.00899484
696.33	0.00888949
696.83	0.00890727
697.33	0.00904281
697.83	0.00928259
698.33	0.00960738
698.83	0.00999514
699.329	0.0104236
699.829	0.0108717
700.329	0.0113209
700.829	0.0117551
701.329	0.012161
701.829	0.0125277
702.329	0.0128466
702.829	0.0131111
703.328	0.0133167
703.828	0.0134605
704.328	0.0135413
704.828	0.0135596
705.328	0.0135171
705.828	0.0134172
706.328	0.0132647
706.828	0.0130656
707.327	0.0128271
707.827	0.0125579
708.327	0.0122676
708.827	0.0119667
709.327	0.0116664
709.827	0.0113784
710.327	0.011114
710.827	0.010884
711.326	0.0106976
711.826	0.0105619
712.326	0.0104814
712.826	0.0104571
713.326	0.0104869
713.826	0.0105657
714.326	0.0106858
714.826	0.010838
715.326	0.0110118
715.825	0.0111968
716.325	0.0113828
716.825	0.0115605
717.325	0.0117219
717.825	0.0118603
718.325	0.0119703
718.825	0.0120483
719.325	0.0120921
719.824	0.0121012
720.324	0.0120766
720.824	0.0120206
721.324	0.011937
721.824	0.0118311
722.324	0.0117091
722.824	0.0115784
723.324	0.0114469
723.823	0.011323
724.323	0.0112151
724.823	0.0111308
725.323	0.011077
725.823	0.0110587
726.323	0.011079
726.823	0.0111386
727.323	0.0112358
727.822	0.0113668
728.322	0.0115255
728.822	0.0117045
729.322	0.0118953
729.822	0.0120889
730.322	0.0122761
730.822	0.0124482
731.322	0.0125968
731.821	0.0127147
732.321	0.0127954
732.821	0.0128336
733.321	0.0128256
733.821	0.0127685
734.321	0.0126614
734.821	0.0125043
735.321	0.0122993
735.821	0.0120497
736.32	0.011761
736.82	0.0114402
737.32	0.0110963
737.82	0.0107404
738.32	0.0103852
738.82	0.0100457
739.32	0.00973776
739.82	0.00947803
740.319	0.00928244
740.819	0.00916466
741.319	0.00913439
741.819	0.00919587
742.319	0.00934721
742.819	0.0095807
743.319	0.00988394
743.819	0.0102414
744.318	0.0106362
744.818	0.011051
745.318	0.0114696
745.818	0.0118767
746.318	0.0122587
746.818	0.0126037
747.318	0.0129013
747.818	0.0131428
748.317	0.0133212
748.817	0.0134307
749.317	0.0134674
749.817	0.0134287
750.317	0.0133133
750.817	0.0131218
751.317	0.0128559
751.817	0.0125194
752.316	0.0121174
752.816	0.0116571
753.316	0.0111479
753.816	0.0106015
754.316	0.0100325
754.816	0.00945854
755.316	0.00890125
755.816	0.00838598
756.316	0.00794148
756.815	0.00759797
757.315	0.00738336
757.815	0.00731782
758.315	0.00740861
758.815	0.00764797
759.315	0.00801543
759.815	0.00848301
760.315	0.00902051
760.814	0.0095992
761.314	0.0101935
761.814	0.0107817
762.314	0.0113455
762.814	0.0118695
763.314	0.0123414
763.814	0.0127507
764.314	0.0130894
764.813	0.013351
765.313	0.0135308
765.813	0.0136255
766.313	0.0136335
766.813	0.0135546
767.313	0.0133901
767.813	0.0131427
768.313	0.0128169
768.812	0.0124184
769.312	0.0119553
769.812	0.0114371
770.312	0.0108759
770.812	0.0102863
771.312	0.00968612
771.812	0.00909654
772.312	0.00854266
772.811	0.00805316
773.311	0.00765886
773.811	0.0073894
774.311	0.00726792
774.811	0.00730536
775.311	0.00749722
775.811	0.00782484
776.311	0.00826052
776.811	0.00877324
777.31	0.00933306
777.81	0.00991331
778.31	0.0104913
778.81	0.011048
779.31	0.011568
779.81	0.0120386
780.31	0.0124497
780.81	0.0127931
781.309	0.0130628
781.809	0.0132542
782.309	0.0133646
782.809	0.0133926
783.309	0.0133382
783.809	0.0132032
784.309	0.0129904
784.809	0.0127044
785.308	0.012351
785.808	0.011938
786.308	0.0114747
786.808	0.0109724
787.308	0.0104444
787.808	0.00990662
788.308	0.00937738
788.808	0.00887761
789.307	0.00843042
789.807	0.00805992
790.307	0.00778896
790.807	0.00763585
791.307	0.00761074
791.807	0.00771324
792.307	0.00793243
792.807	0.0082493
793.306	0.00864048
793.806	0.00908164
794.306	0.00954978
794.806	0.0100244
795.306	0.0104881
795.806	0.010926
796.306	0.0113261
796.806	0.0116788
797.305	0.0119763
797.805	0.0122128
798.305	0.0123842
798.805	0.0124878
799.305	0.0125226
799.805	0.0124888
800.305	0.012388
800.805	0.012223
801.305	0.0119982
801.804	0.011719
802.304	0.0113924
802.804	0.0110267
803.304	0.0106318
803.804	0.0102189
804.304	0.00980095
804.804	0.00939217
805.304	0.0090081
805.803	0.00866492
806.303	0.00837859
806.803	0.00816349
807.303	0.00803079
807.803	0.00798683
808.303	0.0080321
808.803	0.0081611
809.303	0.00836333
809.802	0.00862485
810.302	0.00893006
810.802	0.00926321
811.302	0.00960939
811.802	0.00995521
812.302	0.010289
812.802	0.010601
813.302	0.0108831
813.801	0.0111288
814.301	0.0113332
814.801	0.011493
815.301	0.0116058
815.801	0.0116708
816.301	0.0116881
816.801	0.0116591
817.301	0.0115859
817.8	0.0114718
818.3	0.0113211
818.8	0.0111387
819.3	0.0109304
819.8	0.0107028
820.3	0.0104631
820.8	0.0102189
821.3	0.00997811
821.8	0.00974887
822.299	0.00953898
822.799	0.00935569
823.299	0.00920528
823.799	0.00909268
824.299	0.00902112
824.799	0.0089919
825.299	0.00900433
825.799	0.00905585
826.298	0.00914231
826.798	0.00925833
827.298	0.00939779
827.798	0.00955423
828.298	0.0097212
828.798	0.00989257
829.298	0.0100627
829.798	0.0102268
830.297	0.0103804
830.797	0.0105202
831.297	0.0106434
831.797	0.010748
832.297	0.0108325
832.797	0.0108962
833.297	0.0109389
833.797	0.0109607
834.296	0.0109623
834.796	0.0109447
835.296	0.0109091
835.796	0.0108569
836.296	0.0107897
836.796	0.0107094
837.296	0.0106178
837.796	0.0105166
838.295	0.0104079
838.795	0.0102933
839.295	0.0101749
839.795	0.0100545
840.295	0.00993385
840.795	0.00981481
841.295	0.00969922
841.795	0.00958889
842.295	0.00948568
842.794	0.00939143
843.294	0.00930796
843.794	0.00923703
844.294	0.00918034
844.794	0.0091394
845.294	0.0091155
845.794	0.00910963
846.294	0.00912239
846.793	0.00915392
847.293	0.00920386
847.793	0.00927132
848.293	0.00935482
848.793	0.00945239
849.293	0.00956153
849.793	0.00967936
850.293	0.00980262
850.792	0.00992783
851.292	0.0100514
851.792	0.0101695
852.292	0.0102786
852.792	0.0103752
853.292	0.0104561
853.792	0.0105181
854.292	0.0105589
854.791	0.0105761
855.291	0.0105683
855.791	0.0105344
856.291	0.0104739
856.791	0.0103872
857.291	0.0102752
857.791	0.0101398
858.291	0.00998351
858.79	0.00980984
859.29	0.00962309
859.79	0.0094284
860.29	0.00923171
860.79	0.00903964
861.29	0.00885932
861.79	0.00869809
862.29	0.00856319
862.789	0.00846125
863.289	0.00839784
863.789	0.00837692
864.289	0.0084005
864.789	0.00846836
865.289	0.00857806
865.789	0.00872517
866.289	0.00890364
866.789	0.00910624
867.288	0.00932509
867.788	0.00955206
868.288	0.00977916
868.788	0.0099988
869.288	0.010204
869.788	0.0103884
870.288	0.0105466
870.788	0.0106742
871.287	0.0107673
871.787	0.0108233
872.287	0.0108406
872.787	0.0108183
873.287	0.0107567
873.787	0.0106572
874.287	0.0105222
874.787	0.0103549
875.286	0.01016
875.786	0.00994305
876.286	0.0097107
876.786	0.00947062
877.286	0.00923136
877.786	0.00900216
878.286	0.00879259
878.786	0.0086121
879.285	0.0084694
879.785	0.0083718
880.285	0.00832445
880.785	0.00832983
881.285	0.0083874
881.785	0.00849371
882.285	0.0086427
882.785	0.00882636
883.284	0.00903543
883.784	0.00926005
884.284	0.00949039
884.784	0.00971706
885.284	0.00993141
885.784	0.0101257
886.284	0.0102933
886.784	0.0104287
887.284	0.0105275
887.783	0.0105865
888.283	0.0106036
888.783	0.0105779
889.283	0.0105099
889.783	0.0104009
890.283	0.0102539
890.783	0.0100727
891.283	0.00986262
891.782	0.0096301
892.282	0.00938289
892.782	0.00912984
893.282	0.00888082
893.782	0.00864643
894.282	0.00843753
894.782	0.00826463
895.282	0.0081371
895.781	0.00806224
896.281	0.0080445
896.781	0.0080849
897.281	0.00818086
897.781	0.00832654
898.281	0.00851346
898.781	0.00873143
899.281	0.00896935
899.78	0.00921598
900.28	0.00946052
900.78	0.00969296
901.28	0.0099043
901.78	0.0100868
902.28	0.0102337
902.78	0.0103399
903.28	0.0104013
903.779	0.010415
904.279	0.0103797
904.779	0.010295
905.279	0.0101622
905.779	0.00998375
906.279	0.00976359
906.779	0.00950718
907.279	0.00922154
907.779	0.0089154
908.278	0.0085992
908.778	0.00828513
909.278	0.00798695
909.778	0.00771957
910.278	0.00749826
910.778	0.00733743
911.278	0.00724896
911.778	0.00724055
912.277	0.00731442
912.777	0.00746691
913.277	0.00768919
913.777	0.0079686
914.277	0.00829034
914.777	0.00863895
915.277	0.00899942
915.777	0.00935777
916.276	0.00970146
916.776	0.0100195
917.276	0.0103023
917.776	0.010542
918.276	0.0107319
918.776	0.0108668
919.276	0.0109428
919.776	0.0109573
920.275	0.0109089
920.775	0.0107976
921.275	0.0106245
921.775	0.0103922
922.275	0.0101048
922.775	0.00976762
923.275	0.00938804
923.775	0.00897513
924.274	0.00854019
924.774	0.00809696
925.274	0.00766192
925.774	0.00725437
926.274	0.00689608
926.774	0.00661006
927.274	0.0064181
927.774	0.00633722
928.274	0.00637586
928.773	0.0065318
929.273	0.00679274
929.773	0.0071394
930.273	0.00754929
930.773	0.00799978
931.273	0.00847002
931.773	0.00894161
932.273	0.00939883
932.772	0.00982838
933.272	0.0102192
933.772	0.010562
934.272	0.0108493
934.772	0.0110752
935.272	0.0112351
935.772	0.0113256
936.272	0.0113448
936.771	0.0112918
937.271	0.011167
937.771	0.0109719
938.271	0.0107093
938.771	0.0103833
939.271	0.00999923
939.771	0.00956413
940.271	0.00908664
940.77	0.0085774
941.27	0.00804945
941.77	0.00751873
942.27	0.0070046
942.77	0.0065302
943.27	0.00612225
943.77	0.00580924
944.27	0.00561752
944.769	0.00556521
945.269	0.00565663
945.769	0.00588071
946.269	0.00621462
946.769	0.00663003
947.269	0.00709857
947.769	0.00759481
948.269	0.0080973
948.768	0.00858843
949.268	0.00905393
949.768	0.00948234
950.268	0.00986447
950.768	0.0101931
951.268	0.0104625
951.768	0.0106686
952.268	0.0108087
952.768	0.0108811
953.267	0.0108855
953.767	0.0108226
954.267	0.0106943
954.767	0.0105038
955.267	0.0102552
955.767	0.00995388
956.267	0.00960666
956.767	0.00922159
957.266	0.00880831
957.766	0.0083781
958.266	0.00794411
958.766	0.00752138
959.266	0.00712684
959.766	0.00677876
960.266	0.00649572
960.766	0.00629465
961.265	0.00618823
961.765	0.00618241
962.265	0.0062749
962.765	0.00645574
963.265	0.00670935
963.765	0.00701743
964.265	0.00736131
964.765	0.00772365
965.264	0.00808918
965.764	0.00844494
966.264	0.00878025
966.764	0.00908649
967.264	0.00935688
967.764	0.00958632
968.264	0.00977117
968.764	0.00990915
969.263	0.00999922
969.763	0.0100415
970.263	0.0100372
970.763	0.00998867
971.263	0.00989906
971.763	0.00977261
972.263	0.00961444
972.763	0.00943049
973.263	0.00922747
973.762	0.00901275
974.262	0.00879419
974.762	0.00857991
975.262	0.00837805
975.762	0.00819637
976.262	0.00804179
976.762	0.00791997
977.262	0.00783486
977.761	0.00778835
978.261	0.00778013
978.761	0.00780776
979.261	0.00786694
979.761	0.00795193
980.261	0.00805611
980.761	0.00817244
981.261	0.00829396
981.76	0.00841413
982.26	0.0085271
982.76	0.00862788
983.26	0.00871248
983.76	0.00877792
984.26	0.00882228
984.76	0.00884471
985.26	0.00884533
985.759	0.00882528
986.259	0.00878659
986.759	0.00873212
987.259	0.00866546
987.759	0.0085908
988.259	0.00851276
988.759	0.00843619
989.259	0.00836594
989.758	0.00830657
990.258	0.00826211
990.758	0.00823575
991.258	0.0082296
991.758	0.00824457
992.258	0.00828025
992.758	0.00833494
993.258	0.00840578
993.758	0.00848895
994.257	0.00857991
994.757	0.00867367
995.257	0.00876508
995.757	0.00884903
996.257	0.00892068
996.757	0.00897563
997.257	0.00901006
997.757	0.00902083
998.256	0.00900556
998.756	0.00896272
999.256	0.00889167
999.756	0.00879269
1000.26	0.00866708
1000.76	0.00851713
1001.26	0.00834618
1001.76	0.00815867
1002.26	0.00796007
1002.76	0.00775693
1003.26	0.00755671
1003.76	0.00736766
1004.25	0.00719847
1004.75	0.00705783
1005.25	0.00695384
1005.75	0.00689324
1006.25	0.00688077
1006.75	0.00691854
1007.25	0.00700581
1007.75	0.00713904
1008.25	0.00731234
1008.75	0.0075181
1009.25	0.00774765
1009.75	0.00799194
1010.25	0.00824199
1010.75	0.00848929
1011.25	0.00872599
1011.75	0.00894507
1012.25	0.00914038
1012.75	0.0093067
1013.25	0.00943969
1013.75	0.00953594
1014.25	0.00959294
1014.75	0.00960904
1015.25	0.00958351
1015.75	0.00951647
1016.25	0.00940896
1016.75	0.00926289
1017.25	0.00908113
1017.75	0.00886747
1018.25	0.00862668
1018.75	0.00836456
1019.25	0.00808797
1019.75	0.0078048
1020.25	0.007524
1020.75	0.00725541
1021.25	0.00700951
1021.75	0.00679698
1022.25	0.00662801
1022.75	0.00651137
1023.25	0.00645344
1023.75	0.00645736
1024.25	0.00652256
1024.75	0.00664487
1025.25	0.00681715
1025.75	0.00703022
1026.25	0.00727385
1026.75	0.00753765
1027.25	0.00781163
1027.75	0.00808662
1028.25	0.00835445
1028.75	0.00860801
1029.25	0.00884127
1029.75	0.00904922
1030.25	0.00922779
1030.75	0.00937383
1031.25	0.00948501
1031.75	0.00955979
1032.25	0.00959738
1032.75	0.00959766
1033.25	0.00956118
1033.75	0.00948914
1034.25	0.00938331
1034.75	0.00924607
1035.25	0.00908033
1035.75	0.00888959
1036.25	0.00867784
1036.75	0.00844962
1037.25	0.00820994
1037.75	0.00796431
1038.25	0.00771863
1038.75	0.00747917
1039.25	0.00725241
1039.75	0.00704487
1040.25	0.00686288
1040.75	0.00671224
1041.25	0.00659785
1041.75	0.00652337
1042.25	0.00649088
1042.75	0.0065007
1043.25	0.00655139
1043.75	0.00663991
1044.25	0.00676196
1044.75	0.00691235
1045.24	0.00708536
1045.74	0.00727517
1046.24	0.00747605
1046.74	0.00768253
1047.24	0.00788959
1047.74	0.0080926
1048.24	0.00828743
1048.74	0.00847036
1049.24	0.0086381
1049.74	0.00878772
1050.24	0.00891668
1050.74	0.00902276
1051.24	0.00910403
1051.74	0.00915888
1052.24	0.00918599
1052.74	0.00918433
1053.24	0.0091532
1053.74	0.00909221
1054.24	0.00900132
1054.74	0.00888091
1055.24	0.00873177
1055.74	0.0085552
1056.24	0.00835305
1056.74	0.00812782
1057.24	0.00788273
1057.74	0.00762186
1058.24	0.00735022
1058.74	0.00707391
1059.24	0.0068002
1059.74	0.00653757
1060.24	0.00629566
1060.74	0.00608496
1061.24	0.00591633
1061.74	0.00580002
1062.24	0.00574456
1062.74	0.00575551
1063.24	0.00583451
1063.74	0.00597903
1064.24	0.00618277
1064.74	0.00643664
1065.24	0.00672994
1065.74	0.00705135
1066.24	0.00738973
1066.74	0.00773452
1067.24	0.008076
1067.74	0.00840538
1068.24	0.00871478
1068.74	0.0089972
1069.24	0.00924649
1069.74	0.00945729
1070.24	0.009625
1070.74	0.00974578
1071.24	0.00981651
1071.74	0.00983483
1072.24	0.00979909
1072.74	0.00970844
1073.24	0.00956281
1073.74	0.00936297
1074.24	0.00911058
1074.74	0.00880829
1075.24	0.00845981
1075.74	0.00807011
1076.24	0.00764561
1076.74	0.00719451
1077.24	0.00672723
1077.74	0.00625698
1078.24	0.00580049
1078.74	0.00537865
1079.24	0.00501666
1079.74	0.00474271
1080.24	0.00458396
1080.74	0.00455971
1081.24	0.00467481
1081.74	0.00491785
1082.24	0.0052656
1082.74	0.00569019
1083.24	0.0061646
1083.74	0.00666531
1084.24	0.00717278
1084.74	0.00767104
1085.24	0.00814705
1085.74	0.00859009
1086.23	0.00899126
1086.73	0.00934319
1087.23	0.00963978
1087.73	0.00987607
1088.23	0.0100481
1088.73	0.0101528
1089.23	0.0101882
1089.73	0.0101531
1090.23	0.0100472
1090.73	0.00987094
1091.23	0.00962596
1091.73	0.00931463
1092.23	0.00894034
1092.73	0.00850757
1093.23	0.00802199
1093.73	0.00749068
1094.23	0.00692254
1094.73	0.00632883
1095.23	0.00572419
1095.73	0.00512818
1096.23	0.00456755
1096.73	0.00407898
1097.23	0.00370984
1097.73	0.00351139
1098.23	0.00351898
1098.73	0.00373054
1099.23	0.00410788
1099.73	0.00459915
1100.23	0.00515755
1100.73	0.00574722
1101.23	0.006342
1101.73	0.00692277
1102.23	0.00747515
1102.73	0.00798804
1103.23	0.00845267
1103.73	0.00886203
1104.23	0.00921052
1104.73	0.00949375
1105.23	0.00970839
1105.73	0.00985213
1106.23	0.00992359
1106.73	0.00992235
1107.23	0.00984889
1107.73	0.00970462
1108.23	0.0094919
1108.73	0.00921408
1109.23	0.00887552
1109.73	0.00848174
1110.23	0.00803954
1110.73	0.00755722
1111.23	0.00704492
1111.73	0.0065152
1112.23	0.00598371
1112.73	0.00547022
1113.23	0.00499962
1113.73	0.00460227
1114.23	0.00431218
1114.73	0.00416069
1115.23	0.00416624
1115.73	0.00432597
1116.23	0.00461693
1116.73	0.00500565
1117.23	0.00545804
1117.73	0.00594467
1118.23	0.00644202
1118.73	0.00693179
1119.23	0.00739981
1119.73	0.00783506
1120.23	0.00822893
1120.73	0.0085747
1121.23	0.00886722
1121.73	0.00910267
1122.23	0.00927842
1122.73	0.00939294
1123.23	0.00944572
1123.73	0.00943724
1124.23	0.00936897
1124.73	0.00924335
1125.23	0.00906379
1125.73	0.00883474
1126.23	0.00856172
1126.73	0.00825135
1127.22	0.00791152
1127.72	0.00755144
1128.22	0.00718177
1128.72	0.00681475
1129.22	0.0064641
1129.72	0.00614488
1130.22	0.0058727
1130.72	0.00566255
1131.22	0.00552692
1131.72	0.00547363
1132.22	0.00550418
1132.72	0.00561339
1133.22	0.00579043
1133.72	0.00602095
1134.22	0.00628923
1134.72	0.0065799
1135.22	0.006879
1135.72	0.00717439
1136.22	0.00745587
1136.72	0.00771509
1137.22	0.00794537
1137.72	0.00814158
1138.22	0.00829992
1138.72	0.00841786
1139.22	0.00849402
1139.72	0.00852805
1140.22	0.00852065
1140.72	0.00847345
1141.22	0.00838901
1141.72	0.00827077
1142.22	0.00812303
1142.72	0.00795091
1143.22	0.00776029
1143.72	0.00755776
1144.22	0.00735049
1144.72	0.00714608
1145.22	0.00695228
1145.72	0.00677672
1146.22	0.00662643
1146.72	0.00650738
1147.22	0.00642396
1147.72	0.00637859
1148.22	0.00637145
1148.72	0.00640049
1149.22	0.00646169
1149.72	0.00654951
1150.22	0.0066574
1150.72	0.00677843
1151.22	0.00690566
1151.72	0.00703262
1152.22	0.00715348
1152.72	0.00726326
1153.22	0.00735791
1153.72	0.00743436
1154.22	0.0074905
1154.72	0.00752519
1155.22	0.00753822
1155.72	0.00753027
1156.22	0.00750287
1156.72	0.00745833
1157.22	0.00739964
1157.72	0.00733042
1158.22	0.00725476
1158.72	0.00717708
1159.22	0.00710193
1159.72	0.00703378
1160.22	0.00697675
1160.72	0.00693439
1161.22	0.00690939
1161.72	0.00690341
1162.22	0.00691696
1162.72	0.00694931
1163.22	0.00699863
1163.72	0.00706205
1164.22	0.00713595
1164.72	0.00721617
1165.22	0.00729826
1165.72	0.00737775
1166.22	0.00745032
1166.72	0.00751202
1167.22	0.00755938
1167.72	0.00758952
1168.21	0.00760024
1168.71	0.0075901
1169.21	0.00755844
1169.71	0.00750543
1170.21	0.0074321
1170.71	0.00734033
1171.21	0.0072329
1171.71	0.00711343
1172.21	0.00698636
1172.71	0.00685687
1173.21	0.00673073
1173.71	0.00661412
1174.21	0.00651329
1174.71	0.00643426
1175.21	0.0063823
1175.71	0.00636152
1176.21	0.00637446
1176.71	0.00642179
1177.21	0.00650225
1177.71	0.00661276
1178.21	0.00674868
1178.71	0.00690426
1179.21	0.00707302
1179.71	0.00724819
1180.21	0.007423
1180.71	0.00759099
1181.21	0.00774613
1181.71	0.00788303
1182.21	0.00799693
1182.71	0.00808382
1183.21	0.00814046
1183.71	0.00816437
1184.21	0.0081539
1184.71	0.0081082
1185.21	0.00802728
1185.71	0.00791201
1186.21	0.00776414
1186.71	0.00758641
1187.21	0.00738249
1187.71	0.00715715
1188.21	0.00691623
1188.71	0.00666673
1189.21	0.00641684
1189.71	0.00617584
1190.21	0.0059539
1190.71	0.00576171
1191.21	0.00560971
1191.71	0.00550717
1192.21	0.00546099
1192.71	0.00547468
1193.21	0.00554779
1193.71	0.00567593
1194.21	0.00585157
1194.71	0.00606504
1195.21	0.00630569
1195.71	0.00656278
1196.21	0.00682611
1196.71	0.00708635
1197.21	0.00733522
1197.71	0.00756552
1198.21	0.00777115
1198.71	0.00794697
1199.21	0.00808885
1199.71	0.00819355
1200.21	0.00825871
1200.71	0.00828279
1201.21	0.00826509
1201.71	0.00820569
1202.21	0.00810548
1202.71	0.00796617
1203.21	0.00779028
1203.71	0.00758119
1204.21	0.00734322
1204.71	0.00708162
1205.21	0.00680271
1205.71	0.00651393
1206.21	0.0062239
1206.71	0.00594245
1207.21	0.00568049
1207.71	0.00544966
1208.21	0.00526168
1208.71	0.00512725
1209.2	0.00505468
1209.7	0.00504854
1210.2	0.00510879
1210.7	0.00523079
1211.2	0.00540622
1211.7	0.00562443
1212.2	0.00587384
1212.7	0.00614304
1213.2	0.00642148
1213.7	0.00669975
1214.2	0.00696973
1214.7	0.00722453
1215.2	0.0074584
1215.7	0.00766665
1216.2	0.00784555
1216.7	0.0079922
1217.2	0.0081045
1217.7	0.00818109
1218.2	0.00822128
1218.7	0.00822502
1219.2	0.00819288
1219.7	0.008126
1220.2	0.00802611
1220.7	0.00789549
1221.2	0.00773699
1221.7	0.007554
1222.2	0.00735048
1222.7	0.00713095
1223.2	0.0069005
1223.7	0.00666479
1224.2	0.00643002
1224.7	0.00620285
1225.2	0.00599031
1225.7	0.00579954
1226.2	0.0056375
1226.7	0.00551047
1227.2	0.00542361
1227.7	0.00538036
1228.2	0.00538209
1228.7	0.00542794
1229.2	0.00551494
1229.7	0.00563839
1230.2	0.00579243
1230.7	0.00597055
1231.2	0.00616607
1231.7	0.00637254
1232.2	0.00658391
1232.7	0.00679468
1233.2	0.00699994
1233.7	0.00719536
1234.2	0.00737715
1234.7	0.00754206
1235.2	0.00768729
1235.7	0.00781045
1236.2	0.00790957
1236.7	0.007983
1237.2	0.00802947
1237.7	0.00804798
1238.2	0.00803789
1238.7	0.00799885
1239.2	0.00793084
1239.7	0.00783416
1240.2	0.00770949
1240.7	0.00755789
1241.2	0.00738086
1241.7	0.0071804
1242.2	0.00695903
1242.7	0.00671996
1243.2	0.00646712
1243.7	0.0062053
1244.2	0.00594029
1244.7	0.00567895
1245.2	0.00542934
1245.7	0.00520064
1246.2	0.0050029
1246.7	0.00484649
1247.2	0.00474114
1247.7	0.00469468
1248.2	0.00471175
1248.7	0.00479292
1249.2	0.00493455
1249.69	0.00512954
1250.19	0.00536845
1250.69	0.00564078
1251.19	0.00593586
1251.69	0.00624356
1252.19	0.00655452
1252.69	0.00686032
1253.19	0.00715344
1253.69	0.00742723
1254.19	0.00767581
1254.69	0.00789404
1255.19	0.00807745
1255.69	0.00822219
1256.19	0.00832505
1256.69	0.0083834
1257.19	0.0083952
1257.69	0.00835902
1258.19	0.00827405
1258.69	0.00814011
1259.19	0.00795768
1259.69	0.00772797
1260.19	0.00745293
1260.69	0.00713539
1261.19	0.00677917
1261.69	0.00638925
1262.19	0.00597206
1262.69	0.00553596
1263.19	0.00509177
1263.69	0.0046538
1264.19	0.00424091
1264.69	0.00387765
1265.19	0.00359413
1265.69	0.00342245
1266.19	0.00338786
1266.69	0.00349807
1267.19	0.00373948
1267.69	0.00408425
1268.19	0.00450104
1268.69	0.00496176
1269.19	0.00544374
1269.69	0.0059292
1270.19	0.00640424
1270.69	0.00685776
1271.19	0.00728077
1271.69	0.00766585
1272.19	0.00800682
1272.69	0.00829853
1273.19	0.00853673
1273.69	0.00871798
1274.19	0.00883961
1274.69	0.00889968
1275.19	0.00889696
1275.69	0.00883096
1276.19	0.00870186
1276.69	0.0085106
1277.19	0.00825885
1277.69	0.00794902
1278.19	0.00758438
1278.69	0.00716903
1279.19	0.00670815
1279.69	0.00620812
1280.19	0.00567693
1280.69	0.00512483
1281.19	0.00456544
1281.69	0.00401767
1282.19	0.0035088
1282.69	0.00307855
1283.19	0.00278034
1283.69	0.00266934
1284.19	0.00277131
1284.69	0.00306162
1285.19	0.00348516
1285.69	0.00398795
1286.19	0.00452969
1286.69	0.00508266
1287.19	0.00562767
1287.69	0.00615093
1288.19	0.00664204
1288.69	0.00709291
1289.19	0.00749709
1289.69	0.00784935
1290.19	0.00814555
1290.68	0.0083824
1291.18	0.0085575
1291.68	0.00866919
1292.18	0.00871661
1292.68	0.00869962
1293.18	0.00861886
1293.68	0.0084757
1294.18	0.00827227
1294.68	0.0080115
1295.18	0.00769713
1295.68	0.00733381
1296.18	0.00692717
1296.68	0.00648405
1297.18	0.00601274
1297.68	0.00552345
1298.18	0.005029
1298.68	0.00454584
1299.18	0.00409541
1299.68	0.00370532
1300.18	0.00340889
1300.68	0.00324
1301.18	0.00322152
1301.68	0.00335343
1302.18	0.00361242
1302.68	0.00396353
1303.18	0.00437229
1303.68	0.00481042
1304.18	0.00525634
1304.68	0.00569397
1305.18	0.00611125
1305.68	0.00649902
1306.18	0.00685028
1306.68	0.00715968
1307.18	0.00742317
1307.68	0.00763787
1308.18	0.00780185
1308.68	0.00791412
1309.18	0.00797454
1309.68	0.00798379
1310.18	0.00794338
1310.68	0.00785559
1311.18	0.00772353
1311.68	0.00755113
1312.18	0.00734315
1312.68	0.00710525
1313.18	0.00684399
1313.68	0.00656692
1314.18	0.00628256
1314.68	0.00600041
1315.18	0.00573084
1315.68	0.00548481
1316.18	0.00527331
1316.68	0.00510657
1317.18	0.00499285
1317.68	0.00493734
1318.18	0.00494118
1318.68	0.00500127
1319.18	0.00511081
1319.68	0.00526037
1320.18	0.00543928
1320.68	0.0056367
1321.18	0.00584247
1321.68	0.00604752
1322.18	0.00624413
1322.68	0.00642591
1323.18	0.00658781
1323.68	0.00672599
1324.18	0.00683775
1324.68	0.00692146
1325.18	0.00697646
1325.68	0.00700303
1326.18	0.00700226
1326.68	0.00697608
1327.18	0.00692715
1327.68	0.00685878
1328.18	0.00677493
1328.68	0.00668001
1329.18	0.00657884
1329.68	0.00647644
1330.18	0.00637787
1330.68	0.00628794
1331.18	0.00621099
1331.67	0.00615061
1332.17	0.00610937
1332.67	0.00608864
1333.17	0.00608847
1333.67	0.00610763
1334.17	0.00614369
1334.67	0.00619328
1335.17	0.00625232
1335.67	0.00631634
1336.17	0.00638074
1336.67	0.00644105
1337.17	0.00649312
1337.67	0.00653328
1338.17	0.00655846
1338.67	0.00656628
1339.17	0.00655511
1339.67	0.0065241
1340.17	0.00647323
1340.67	0.00640332
1341.17	0.00631605
1341.67	0.00621398
1342.17	0.00610049
1342.67	0.0059798
1343.17	0.00585689
1343.67	0.00573733
1344.17	0.00562714
1344.67	0.00553244
1345.17	0.00545912
1345.67	0.00541234
1346.17	0.00539605
1346.67	0.00541258
1347.17	0.00546234
1347.67	0.0055438
1348.17	0.00565362
1348.67	0.00578701
1349.17	0.00593815
1349.67	0.00610065
1350.17	0.00626796
1350.67	0.00643363
1351.17	0.0065916
1351.67	0.0067363
1352.17	0.0068628
1352.67	0.0069668
1353.17	0.00704474
1353.67	0.00709375
1354.17	0.00711172
1354.67	0.00709726
1355.17	0.00704976
1355.67	0.00696938
1356.17	0.00685707
1356.67	0.00671462
1357.17	0.00654471
1357.67	0.00635094
1358.17	0.0061379
1358.67	0.00591126
1359.17	0.00567782
1359.67	0.00544557
1360.17	0.00522359
1360.67	0.00502191
1361.17	0.00485103
1361.67	0.00472112
1362.17	0.00464094
1362.67	0.00461658
1363.17	0.00465041
1363.67	0.00474063
1364.17	0.00488164
1364.67	0.00506504
1365.17	0.00528082
1365.67	0.00551853
1366.17	0.00576801
1366.67	0.00601993
1367.17	0.00626599
1367.67	0.00649897
1368.17	0.00671269
1368.67	0.00690202
1369.17	0.00706274
1369.67	0.0071915
1370.17	0.0072858
1370.67	0.0073439
1371.17	0.00736483
1371.67	0.00734834
1372.17	0.00729493
1372.66	0.0072058
1373.16	0.00708289
1373.66	0.00692889
1374.16	0.00674725
1374.66	0.00654225
1375.16	0.00631897
1375.66	0.00608342
1376.16	0.00584249
1376.66	0.00560396
1377.16	0.00537642
1377.66	0.00516907
1378.16	0.00499123
1378.66	0.00485172
1379.16	0.00475796
1379.66	0.00471496
1380.16	0.00472459
1380.66	0.0047852
1381.16	0.00489197
1381.66	0.00503759
1382.16	0.00521335
1382.66	0.00541003
1383.16	0.00561866
1383.66	0.00583092
1384.16	0.00603946
1384.66	0.00623792
1385.16	0.00642094
1385.66	0.00658413
1386.16	0.00672401
1386.66	0.00683791
1387.16	0.00692394
1387.66	0.00698096
1388.16	0.00700847
1388.66	0.00700663
1389.16	0.00697621
1389.66	0.00691855
1390.16	0.00683556
1390.66	0.00672969
1391.16	0.00660389
1391.66	0.00646163
1392.16	0.00630679
1392.66	0.0061437
1393.16	0.00597705
1393.66	0.00581178
1394.16	0.00565297
1394.66	0.0055057
1395.16	0.00537479
1395.66	0.00526459
1396.16	0.00517865
1396.66	0.00511949
1397.16	0.0050884
1397.66	0.0050853
1398.16	0.00510883
1398.66	0.00515646
1399.16	0.00522479
1399.66	0.00530982
1400.16	0.00540731
1400.66	0.00551299
1401.16	0.0056228
1401.66	0.00573303
1402.16	0.00584041
1402.66	0.00594214
1403.16	0.00603594
1403.66	0.00612001
1404.16	0.00619299
1404.66	0.00625397
1405.16	0.00630241
1405.66	0.00633815
1406.16	0.00636129
1406.66	0.00637221
1407.16	0.0063715
1407.66	0.00635994
1408.16	0.00633844
1408.66	0.006308
1409.16	0.00626971
1409.66	0.00622469
1410.16	0.00617407
1410.66	0.00611899
1411.16	0.00606058
1411.66	0.00599993
1412.16	0.00593813
1412.66	0.00587621
1413.16	0.00581521
1413.65	0.00575614
1414.15	0.00570001
1414.65	0.00564782
1415.15	0.00560058
1415.65	0.00555929
1416.15	0.00552491
1416.65	0.00549839
1417.15	0.00548059
1417.65	0.00547226
1418.15	0.00547402
1418.65	0.00548628
1419.15	0.00550921
1419.65	0.0055427
1420.15	0.00558636
1420.65	0.00563946
1421.15	0.00570098
1421.65	0.00576958
1422.15	0.00584368
1422.65	0.00592144
1423.15	0.00600087
1423.65	0.00607987
1424.15	0.00615626
1424.65	0.00622785
1425.15	0.00629252
1425.65	0.00634826
1426.15	0.00639319
1426.65	0.00642566
1427.15	0.00644427
1427.65	0.00644789
1428.15	0.00643574
1428.65	0.0064074
1429.15	0.00636285
1429.65	0.00630251
1430.15	0.00622726
1430.65	0.00613847
1431.15	0.00603802
1431.65	0.00592831
1432.15	0.00581227
1432.65	0.00569333
1433.15	0.00557535
1433.65	0.00546258
1434.15	0.00535944
1434.65	0.00527042
1435.15	0.00519973
1435.65	0.00515104
1436.15	0.00512717
1436.65	0.00512983
1437.15	0.00515938
1437.65	0.00521483
1438.15	0.00529386
1438.65	0.00539308
1439.15	0.00550822
1439.65	0.00563452
1440.15	0.00576692
1440.65	0.00590039
1441.15	0.00603003
1441.65	0.00615131
1442.15	0.00626008
1442.65	0.00635269
1443.15	0.00642602
1443.65	0.00647752
1444.15	0.00650521
1444.65	0.00650775
1445.15	0.00648439
1445.65	0.00643505
1446.15	0.00636032
1446.65	0.00626147
1447.15	0.00614053
1447.65	0.00600026
1448.15	0.00584423
1448.65	0.00567685
1449.15	0.00550332
1449.65	0.00532971
1450.15	0.00516277
1450.65	0.0050098
1451.15	0.00487829
1451.65	0.00477544
1452.15	0.00470749
1452.65	0.00467904
1453.15	0.0046924
1453.65	0.00474727
1454.15	0.00484077
1454.64	0.00496783
1455.14	0.00512181
1455.64	0.00529523
1456.14	0.00548033
1456.64	0.00566952
1457.14	0.00585574
1457.64	0.00603257
1458.14	0.00619434
1458.64	0.00633617
1459.14	0.00645395
1459.64	0.00654435
1460.14	0.00660481
1460.64	0.0066335
1461.14	0.00662936
1461.64	0.00659207
1462.14	0.00652207
1462.64	0.00642061
1463.14	0.00628975
1463.64	0.0061324
1464.14	0.00595241
1464.64	0.0057546
1465.14	0.00554485
1465.64	0.00533016
1466.14	0.00511862
1466.64	0.00491934
1467.14	0.00474215
1467.64	0.00459708
1468.14	0.00449346
1468.64	0.0044388
1469.14	0.00443762
1469.64	0.00449066
1470.14	0.00459474
1470.64	0.00474334
1471.14	0.00492769
1471.64	0.00513787
1472.14	0.0053638
1472.64	0.0055959
1473.14	0.00582543
1473.64	0.00604464
1474.14	0.00624682
1474.64	0.00642628
1475.14	0.00657827
1475.64	0.00669895
1476.14	0.00678536
1476.64	0.00683532
1477.14	0.00684748
1477.64	0.00682127
1478.14	0.0067569
1478.64	0.0066554
1479.14	0.0065186
1479.64	0.00634922
1480.14	0.00615088
1480.64	0.00592823
1481.14	0.005687
1481.64	0.00543414
1482.14	0.0051779
1482.64	0.00492793
1483.14	0.00469517
1483.64	0.00449155
1484.14	0.00432918
1484.64	0.00421915
1485.14	0.00416978
1485.64	0.00418503
1486.14	0.00426361
1486.64	0.00439925
1487.14	0.00458204
1487.64	0.00480012
1488.14	0.00504123
1488.64	0.00529374
1489.14	0.00554717
1489.64	0.00579238
1490.14	0.00602159
1490.64	0.00622826
1491.14	0.00640701
1491.64	0.00655351
1492.14	0.00666437
1492.64	0.00673711
1493.14	0.00677011
1493.64	0.00676253
1494.14	0.00671436
1494.64	0.00662641
1495.14	0.00650029
1495.63	0.00633846
1496.13	0.00614429
1496.63	0.00592213
1497.13	0.00567739
1497.63	0.00541669
1498.13	0.00514796
1498.63	0.00488061
1499.13	0.00462558
1499.63	0.00439514
1500.13	0.00420239
1500.63	0.00406013
1501.13	0.00397904
1501.63	0.00396568
1502.13	0.00402094
1502.63	0.00413978
1503.13	0.00431249
1503.63	0.00452663
1504.13	0.00476897
1504.63	0.00502686
1505.13	0.00528895
1505.63	0.00554537
1506.13	0.00578782
1506.63	0.00600937
1507.13	0.00620437
1507.63	0.00636827
1508.13	0.00649755
1508.63	0.00658963
1509.13	0.00664278
1509.63	0.00665613
1510.13	0.00662959
1510.63	0.00656391
1511.13	0.00646065
1511.63	0.00632217
1512.13	0.00615177
1512.63	0.00595362
1513.13	0.00573295
1513.63	0.00549607
1514.13	0.00525047
1514.63	0.00500494
1515.13	0.0047695
1515.63	0.00455527
1516.13	0.00437394
1516.63	0.00423688
1517.13	0.00415366
1517.63	0.00413054
1518.13	0.00416916
1518.63	0.00426617
1519.13	0.00441397
1519.63	0.00460219
1520.13	0.00481923
1520.63	0.00505356
1521.13	0.00529448
1521.63	0.00553251
1522.13	0.00575947
1522.63	0.00596847
1523.13	0.00615381
1523.63	0.00631087
1524.13	0.00643603
1524.63	0.00652657
1525.13	0.00658067
1525.63	0.00659729
1526.13	0.00657621
1526.63	0.006518
1527.13	0.00642399
1527.63	0.00629635
1528.13	0.00613806
1528.63	0.00595298
1529.13	0.00574591
1529.63	0.00552263
1530.13	0.00529001
1530.63	0.00505604
1531.13	0.00482983
1531.63	0.00462141
1532.13	0.00444137
1532.63	0.00430012
1533.13	0.00420672
1533.63	0.00416759
1534.13	0.00418532
1534.63	0.00425815
1535.13	0.00438033
1535.63	0.00454321
1536.13	0.00473653
1536.62	0.00494973
1537.12	0.00517269
1537.62	0.00539624
1538.12	0.00561236
1538.62	0.00581421
1539.12	0.00599605
1539.62	0.00615317
1540.12	0.00628185
1540.62	0.00637922
1541.12	0.00644325
1541.62	0.00647266
1542.12	0.00646696
1542.62	0.00642635
1543.12	0.00635174
1543.62	0.00624479
1544.12	0.00610786
1544.62	0.00594406
1545.12	0.0057573
1545.62	0.00555229
1546.12	0.00533465
1546.62	0.0051109
1547.12	0.00488847
1547.62	0.00467571
1548.12	0.00448163
1548.62	0.0043155
1549.12	0.00418619
1549.62	0.0041012
1550.12	0.00406557
1550.62	0.004081
1551.12	0.00414558
1551.62	0.00425408
1552.12	0.00439889
1552.62	0.00457114
1553.12	0.00476167
1553.62	0.00496172
1554.12	0.00516334
1554.62	0.0053596
1555.12	0.00554457
1555.62	0.00571334
1556.12	0.00586194
1556.62	0.00598723
1557.12	0.00608689
1557.62	0.00615929
1558.12	0.00620354
1558.62	0.00621935
1559.12	0.00620705
1559.62	0.00616759
1560.12	0.00610246
1560.62	0.00601373
1561.12	0.00590398
1561.62	0.00577635
1562.12	0.00563451
1562.62	0.00548258
1563.12	0.00532516
1563.62	0.00516726
1564.12	0.00501415
1564.62	0.00487124
1565.12	0.00474388
1565.62	0.004637
1566.12	0.00455486
1566.62	0.00450062
1567.12	0.00447608
1567.62	0.00448148
1568.12	0.00451552
1568.62	0.00457551
1569.12	0.0046577
1569.62	0.00475763
1570.12	0.00487056
1570.62	0.00499173
1571.12	0.00511663
1571.62	0.00524116
1572.12	0.0053617
1572.62	0.00547518
1573.12	0.00557908
1573.62	0.0056714
1574.12	0.00575063
1574.62	0.00581573
1575.12	0.0058661
1575.62	0.0059015
1576.12	0.00592204
1576.62	0.00592814
1577.12	0.00592048
1577.61	0.00589995
1578.11	0.00586763
1578.61	0.00582475
1579.11	0.00577264
1579.61	0.00571271
1580.11	0.0056464
1580.61	0.00557518
1581.11	0.00550048
1581.61	0.00542371
1582.11	0.00534623
1582.61	0.00526932
1583.11	0.00519419
1583.61	0.005122
1584.11	0.00505379
1584.61	0.00499057
1585.11	0.00493326
1585.61	0.00488273
1586.11	0.00483979
1586.61	0.00480519
1587.11	0.00477961
1587.61	0.00476361
1588.11	0.0047577
1588.61	0.0047622
1589.11	0.0047773
1589.61	0.00480296
1590.11	0.00483894
1590.61	0.00488475
1591.11	0.00493964
1591.61	0.0050026
1592.11	0.00507238
1592.61	0.0051475
1593.11	0.00522628
1593.61	0.0053069
1594.11	0.0053874
1594.61	0.00546577
1595.11	0.00553996
1595.61	0.00560795
1596.11	0.00566777
1596.61	0.00571759
1597.11	0.00575569
1597.61	0.00578056
1598.11	0.00579092
1598.61	0.00578574
1599.11	0.00576429
1599.61	0.00572617
1600.11	0.00567134
1600.61	0.00560018
1601.11	0.00551346
1601.61	0.00541246
1602.11	0.00529894
1602.61	0.00517519
1603.11	0.00504408
1603.61	0.00490901
1604.11	0.00477397
1604.61	0.00464345
1605.11	0.00452233
1605.61	0.00441575
1606.11	0.00432874
1606.61	0.00426598
1607.11	0.00423125
1607.61	0.00422713
1608.11	0.0042546
1608.61	0.00431296
1609.11	0.00439988
1609.61	0.00451169
1610.11	0.0046437
1610.61	0.00479069
1611.11	0.0049472
1611.61	0.00510784
1612.11	0.00526751
1612.61	0.00542149
1613.11	0.00556553
1613.61	0.00569591
1614.11	0.00580941
1614.61	0.00590335
1615.11	0.00597559
1615.61	0.0060245
1616.11	0.00604897
1616.61	0.00604842
1617.11	0.00602279
1617.61	0.00597256
1618.11	0.00589872
1618.6	0.00580284
1619.1	0.00568704
1619.6	0.00555399
1620.1	0.00540697
1620.6	0.00524987
1621.1	0.00508713
1621.6	0.00492377
1622.1	0.00476528
1622.6	0.0046175
1623.1	0.00448635
1623.6	0.00437755
1624.1	0.00429611
1624.6	0.0042459
1625.1	0.00422919
1625.6	0.00424634
1626.1	0.00429578
1626.6	0.00437419
1627.1	0.00447694
1627.6	0.00459855
1628.1	0.0047332
1628.6	0.00487511
1629.1	0.00501884
1629.6	0.00515944
1630.1	0.00529257
1630.6	0.00541454
1631.1	0.00552231
1631.6	0.00561349
1632.1	0.00568629
1632.6	0.00573954
1633.1	0.00577263
1633.6	0.00578549
1634.1	0.00577856
1634.6	0.0057528
1635.1	0.00570961
1635.6	0.00565084
1636.1	0.00557871
1636.6	0.00549581
1637.1	0.00540501
1637.6	0.00530943
1638.1	0.00521227
1638.6	0.00511681
1639.1	0.00502621
1639.6	0.00494337
1640.1	0.00487084
1640.6	0.0048106
1641.1	0.00476402
1641.6	0.00473171
1642.1	0.00471354
1642.6	0.00470865
1643.1	0.00471554
1643.6	0.00473225
1644.1	0.00475646
1644.6	0.0047857
1645.1	0.00481751
1645.6	0.00484959
1646.1	0.00487989
1646.6	0.00490674
1647.1	0.00492888
1647.6	0.00494553
1648.1	0.00495637
1648.6	0.00496159
1649.1	0.00496181
1649.6	0.00495808
1650.1	0.00495178
1650.6	0.00494462
1651.1	0.00493843
1651.6	0.00493515
1652.1	0.00493663
1652.6	0.00494451
1653.1	0.0049601
1653.6	0.00498427
1654.1	0.00501733
1654.6	0.005059
1655.1	0.00510838
1655.6	0.00516403
1656.1	0.00522398
1656.6	0.00528585
1657.1	0.005347
1657.6	0.00540459
1658.1	0.00545573
1658.6	0.00549759
1659.09	0.00552749
1659.59	0.00554299
1660.09	0.00554199
1660.59	0.00552275
1661.09	0.005484
1661.59	0.00542497
1662.09	0.00534547
1662.59	0.00524591
1663.09	0.00512743
1663.59	0.00499191
1664.09	0.00484208
1664.59	0.00468161
1665.09	0.00451518
1665.59	0.00434855
1666.09	0.00418858
1666.59	0.00404309
1667.09	0.00392057
1667.59	0.00382958
1668.09	0.00377787
1668.59	0.00377127
1669.09	0.00381276
1669.59	0.00390189
1670.09	0.00403493
1670.59	0.00420552
1671.09	0.00440569
1671.59	0.00462676
1672.09	0.00486007
1672.59	0.00509738
1673.09	0.00533114
1673.59	0.00555455
1674.09	0.00576155
1674.59	0.00594684
1675.09	0.00610581
1675.59	0.00623449
1676.09	0.00632955
1676.59	0.00638826
1677.09	0.0064085
1677.59	0.00638872
1678.09	0.00632795
1678.59	0.00622585
1679.09	0.00608265
1679.59	0.00589924
1680.09	0.00567719
1680.59	0.00541879
1681.09	0.00512719
1681.59	0.00480651
1682.09	0.00446214
1682.59	0.00410107
1683.09	0.00373257
1683.59	0.00336914
1684.09	0.00302783
1684.59	0.0027317
1685.09	0.00250993
1685.59	0.00239339
1686.09	0.00240344
1686.59	0.00254012
1687.09	0.00278245
1687.59	0.00310024
1688.09	0.00346494
1688.59	0.00385376
1689.09	0.00424954
1689.59	0.00463939
1690.09	0.00501338
1690.59	0.00536368
1691.09	0.00568392
1691.59	0.00596889
1692.09	0.00621427
1692.59	0.00641649
1693.09	0.00657267
1693.59	0.00668056
1694.09	0.00673847
1694.59	0.00674531
1695.09	0.00670054
1695.59	0.00660418
1696.09	0.00645677
1696.59	0.0062594
1697.09	0.00601371
1697.59	0.00572187
1698.09	0.00538663
1698.59	0.00501132
1699.09	0.00459994
1699.59	0.00415734
1700.08	0.00368946
1700.58	0.00320398
1701.08	0.00271164
1701.58	0.00222925
1702.08	0.00178669
1702.58	0.00144153
1703.08	0.00128894
1703.58	0.0013977
1704.08	0.00171524
1704.58	0.00214267
1705.08	0.00261588
1705.58	0.00310158
1706.08	0.00358148
1706.58	0.00404422
1707.08	0.00448186
1707.58	0.00488834
1708.08	0.00525886
1708.58	0.00558944
1709.08	0.00587684
1709.58	0.0061184
1710.08	0.00631207
1710.58	0.00645631
1711.08	0.00655016
1711.58	0.00659317
1712.08	0.00658544
1712.58	0.00652762
1713.08	0.00642092
1713.58	0.00626709
1714.08	0.0060685
1714.58	0.00582812
1715.08	0.00554963
1715.58	0.00523745
1716.08	0.00489696
1716.58	0.00453467
1717.08	0.00415865
1717.58	0.00377912
1718.08	0.00340932
1718.58	0.00306665
1719.08	0.00277373
1719.58	0.00255779
1720.08	0.00244587
1720.58	0.00245462
1721.08	0.00258116
1721.58	0.00280459
1722.08	0.00309654
1722.58	0.00343045
1723.08	0.00378508
1723.58	0.00414449
1724.08	0.00449684
1724.58	0.00483322
1725.08	0.00514683
1725.58	0.00543239
1726.08	0.00568581
1726.58	0.00590392
1727.08	0.00608434
1727.58	0.0062254
1728.08	0.00632602
1728.58	0.00638574
1729.08	0.00640463
1729.58	0.00638329
1730.08	0.00632284
1730.58	0.0062249
1731.08	0.00609161
1731.58	0.00592562
1732.08	0.00573009
1732.58	0.00550874
1733.08	0.0052659
1733.58	0.00500652
1734.08	0.00473631
1734.58	0.00446181
1735.08	0.00419049
1735.58	0.00393085
1736.08	0.00369235
1736.58	0.00348516
1737.08	0.00331947
1737.58	0.00320429
1738.08	0.00314579
1738.58	0.0031459
1739.08	0.00320166
1739.58	0.00330592
1740.08	0.00344891
1740.58	0.00361998
1741.07	0.00380892
1741.57	0.00400671
1742.07	0.00420576
1742.57	0.00439988
1743.07	0.00458417
1743.57	0.0047548
1744.07	0.00490892
1744.57	0.00504445
1745.07	0.00516001
1745.57	0.0052548
1746.07	0.00532853
1746.57	0.00538139
1747.07	0.00541394
1747.57	0.00542711
1748.07	0.00542212
1748.57	0.00540049
1749.07	0.00536394
1749.57	0.00531439
1750.07	0.00525392
1750.57	0.00518469
1751.07	0.00510898
1751.57	0.00502903
1752.07	0.00494713
1752.57	0.00486543
1753.07	0.00478603
1753.57	0.00471083
1754.07	0.00464153
1754.57	0.00457961
1755.07	0.00452625
1755.57	0.00448237
1756.07	0.00444856
1756.57	0.00442512
1757.07	0.0044121
1757.57	0.00440928
1758.07	0.00441621
1758.57	0.00443229
1759.07	0.00445678
1759.57	0.00448882
1760.07	0.00452748
1760.57	0.0045718
1761.07	0.00462075
1761.57	0.0046733
1762.07	0.00472839
1762.57	0.00478495
1763.07	0.00484188
1763.57	0.00489807
1764.07	0.00495239
1764.57	0.00500371
1765.07	0.00505089
1765.57	0.0050928
1766.07	0.00512834
1766.57	0.00515646
1767.07	0.00517616
1767.57	0.00518654
1768.07	0.00518683
1768.57	0.00517637
1769.07	0.00515471
1769.57	0.00512158
1770.07	0.00507695
1770.57	0.00502108
1771.07	0.00495448
1771.57	0.00487803
1772.07	0.00479294
1772.57	0.00470079
1773.07	0.00460356
1773.57	0.00450363
1774.07	0.00440375
1774.57	0.00430702
1775.07	0.0042168
1775.57	0.00413661
1776.07	0.00406994
1776.57	0.00402003
1777.07	0.00398966
1777.57	0.00398084
1778.07	0.00399466
1778.57	0.00403113
1779.07	0.00408914
1779.57	0.0041666
1780.07	0.00426061
1780.57	0.00436766
1781.07	0.00448388
1781.57	0.00460527
1782.06	0.00472787
1782.56	0.00484786
1783.06	0.00496171
1783.56	0.00506618
1784.06	0.00515843
1784.56	0.00523599
1785.06	0.00529679
1785.56	0.00533921
1786.06	0.00536201
1786.56	0.00536443
1787.06	0.00534614
1787.56	0.00530725
1788.06	0.00524836
1788.56	0.00517054
1789.06	0.00507536
1789.56	0.00496489
1790.06	0.00484175
1790.56	0.00470909
1791.06	0.0045706
1791.56	0.0044305
1792.06	0.0042935
1792.56	0.00416465
1793.06	0.00404921
1793.56	0.00395234
1794.06	0.00387875
1794.56	0.00383224
1795.06	0.00381531
1795.56	0.00382884
1796.06	0.00387196
1796.56	0.00394218
1797.06	0.00403569
1797.56	0.00414778
1798.06	0.00427328
1798.56	0.00440693
1799.06	0.00454368
1799.56	0.00467884
1800.06	0.00480821
1800.56	0.00492813
1801.06	0.0050355
1801.56	0.00512778
1802.06	0.00520295
1802.56	0.00525955
1803.06	0.00529661
1803.56	0.00531367
1804.06	0.00531074
1804.56	0.0052883
1805.06	0.00524728
1805.56	0.00518905
1806.06	0.00511541
1806.56	0.00502858
1807.06	0.00493114
1807.56	0.00482604
1808.06	0.00471652
1808.56	0.00460607
1809.06	0.00449832
1809.56	0.00439692
1810.06	0.00430537
1810.56	0.00422688
1811.06	0.00416412
1811.56	0.00411906
1812.06	0.0040928
1812.56	0.00408551
1813.06	0.00409639
1813.56	0.00412378
1814.06	0.00416532
1814.56	0.00421816
1815.06	0.00427918
1815.56	0.00434521
1816.06	0.00441316
1816.56	0.0044802
1817.06	0.00454384
1817.56	0.00460198
1818.06	0.00465295
1818.56	0.00469553
1819.06	0.00472892
1819.56	0.00475278
1820.06	0.00476715
1820.56	0.00477244
1821.06	0.00476943
1821.56	0.00475913
1822.06	0.00474284
1822.56	0.004722
1823.05	0.00469817
1823.55	0.00467291
1824.05	0.00464778
1824.55	0.00462417
1825.05	0.00460327
1825.55	0.00458601
1826.05	0.004573
1826.55	0.00456448
1827.05	0.00456033
1827.55	0.0045601
1828.05	0.00456301
1828.55	0.00456806
1829.05	0.00457406
1829.55	0.00457972
1830.05	0.00458376
1830.55	0.00458498
1831.05	0.00458233
1831.55	0.00457497
1832.05	0.00456235
1832.55	0.00454426
1833.05	0.00452083
1833.55	0.0044926
1834.05	0.00446049
1834.55	0.0044258
1835.05	0.00439021
1835.55	0.00435566
1836.05	0.00432437
1836.55	0.00429862
1837.05	0.00428073
1837.55	0.00427281
1838.05	0.00427666
1838.55	0.00429359
1839.05	0.0043243
1839.55	0.00436877
1840.05	0.00442628
1840.55	0.00449539
1841.05	0.00457405
1841.55	0.00465968
1842.05	0.00474938
1842.55	0.00483998
1843.05	0.00492823
1843.55	0.00501092
1844.05	0.00508492
1844.55	0.00514736
1845.05	0.00519559
1845.55	0.00522731
1846.05	0.00524059
1846.55	0.0052339
1847.05	0.00520618
1847.55	0.00515682
1848.05	0.00508574
1848.55	0.00499343
1849.05	0.00488095
1849.55	0.00475006
1850.05	0.00460318
1850.55	0.00444357
1851.05	0.00427532
1851.55	0.00410345
1852.05	0.00393399
1852.55	0.00377389
1853.05	0.00363089
1853.55	0.00351313
1854.05	0.00342844
1854.55	0.0033834
1855.05	0.00338232
1855.55	0.00342637
1856.05	0.00351338
1856.55	0.00363829
1857.05	0.00379396
1857.55	0.00397224
1858.05	0.00416473
1858.55	0.00436342
1859.05	0.00456092
1859.55	0.00475063
1860.05	0.00492675
1860.55	0.00508422
1861.05	0.00521873
1861.55	0.00532662
1862.05	0.00540488
1862.55	0.0054511
1863.05	0.00546345
1863.55	0.00544068
1864.04	0.00538212
1864.54	0.00528768
1865.04	0.00515788
1865.54	0.00499386
1866.04	0.00479746
1866.54	0.00457132
1867.04	0.00431897
1867.54	0.00404503
1868.04	0.00375558
1868.54	0.00345856
1869.04	0.00316445
1869.54	0.00288716
1870.04	0.00264473
1870.54	0.00245912
1871.04	0.0023533
1871.54	0.00234454
1872.04	0.00243684
1872.54	0.00261911
1873.04	0.002871
1873.54	0.00317044
1874.04	0.00349805
1874.54	0.00383825
1875.04	0.00417885
1875.54	0.00451029
1876.04	0.0048249
1876.54	0.00511647
1877.04	0.00537984
1877.54	0.00561074
1878.04	0.00580564
1878.54	0.00596164
1879.04	0.00607643
1879.54	0.00614825
1880.04	0.0061759
1880.54	0.00615867
1881.04	0.00609638
1881.54	0.00598939
1882.04	0.00583853
1882.54	0.0056452
1883.04	0.00541132
1883.54	0.0051394
1884.04	0.00483256
1884.54	0.00449466
1885.04	0.00413046
1885.54	0.00374589
1886.04	0.00334861
1886.54	0.00294896
1887.04	0.00256168
1887.54	0.00220879
1888.04	0.00192322
1888.54	0.00174872
1889.04	0.00172451
1889.54	0.00185612
1890.04	0.00210989
1890.54	0.00244035
1891.04	0.00281096
1891.54	0.00319698
1892.04	0.00358209
1892.54	0.00395504
1893.04	0.00430769
1893.54	0.00463388
1894.04	0.00492874
1894.54	0.00518839
1895.04	0.00540971
1895.54	0.00559026
1896.04	0.00572816
1896.54	0.00582212
1897.04	0.00587133
1897.54	0.00587554
1898.04	0.00583498
1898.54	0.00575038
1899.04	0.005623
1899.54	0.0054546
1900.04	0.00524749
1900.54	0.00500453
1901.04	0.00472924
1901.54	0.00442584
1902.04	0.00409948
1902.54	0.00375647
1903.04	0.00340476
1903.54	0.0030547
1904.04	0.00272016
1904.54	0.00242004
1905.03	0.00217927
1905.53	0.00202684
1906.03	0.00198699
1906.53	0.00206595
1907.03	0.00224741
1907.53	0.00250281
1908.03	0.00280388
1908.53	0.00312824
1909.03	0.0034596
1909.53	0.00378624
1910.03	0.00409958
1910.53	0.0043932
1911.03	0.00466218
1911.53	0.00490275
1912.03	0.00511197
1912.53	0.00528766
1913.03	0.00542827
1913.53	0.00553281
1914.03	0.00560083
1914.53	0.00563238
1915.03	0.005628
1915.53	0.00558873
1916.03	0.00551607
1916.53	0.00541201
1917.03	0.00527901
1917.53	0.00512007
1918.03	0.00493868
1918.53	0.00473892
1919.03	0.00452551
1919.53	0.00430382
1920.03	0.00407997
1920.53	0.00386087
1921.03	0.00365419
1921.53	0.0034682
1922.03	0.00331135
1922.53	0.00319162
1923.03	0.00311541
1923.53	0.00308646
1924.03	0.00310504
1924.53	0.00316786
1925.03	0.00326874
1925.53	0.0033998
1926.03	0.00355259
1926.53	0.00371901
1927.03	0.00389179
1927.53	0.0040647
1928.03	0.00423258
1928.53	0.00439126
1929.03	0.00453745
1929.53	0.00466863
1930.03	0.00478296
1930.53	0.00487921
1931.03	0.00495664
1931.53	0.00501497
1932.03	0.00505435
1932.53	0.00507526
1933.03	0.0050785
1933.53	0.00506513
1934.03	0.00503647
1934.53	0.00499399
1935.03	0.00493937
1935.53	0.00487435
1936.03	0.00480078
1936.53	0.00472053
1937.03	0.00463547
1937.53	0.00454745
1938.03	0.00445819
1938.53	0.00436936
1939.03	0.00428243
1939.53	0.00419874
1940.03	0.00411944
1940.53	0.0040455
1941.03	0.00397768
1941.53	0.00391659
1942.03	0.00386269
1942.53	0.00381628
1943.03	0.00377759
1943.53	0.00374677
1944.03	0.00372393
1944.53	0.00370915
1945.03	0.00370251
1945.53	0.00370404
1946.02	0.00371379
1946.52	0.00373174
1947.02	0.0037578
1947.52	0.00379181
1948.02	0.00383345
1948.52	0.00388227
1949.02	0.00393765
1949.52	0.00399879
1950.02	0.00406472
1950.52	0.00413431
1951.02	0.00420627
1951.52	0.00427924
1952.02	0.00435173
1952.52	0.00442224
1953.02	0.00448925
1953.52	0.00455128
1954.02	0.00460691
1954.52	0.00465483
1955.02	0.00469388
1955.52	0.00472304
1956.02	0.00474151
1956.52	0.00474871
1957.02	0.00474429
1957.52	0.00472819
1958.02	0.00470063
1958.52	0.00466211
1959.02	0.00461347
1959.52	0.00455585
1960.02	0.00449072
1960.52	0.00441986
1961.02	0.00434534
1961.52	0.0042695
1962.02	0.00419489
1962.52	0.00412419
1963.02	0.00406009
1963.52	0.0040052
1964.02	0.0039619
1964.52	0.00393212
1965.02	0.00391729
1965.52	0.00391813
1966.02	0.00393463
1966.52	0.00396603
1967.02	0.0040109
1967.52	0.00406721
1968.02	0.00413248
1968.52	0.00420399
1969.02	0.00427886
1969.52	0.0043542
1970.02	0.00442727
1970.52	0.00449549
1971.02	0.00455655
1971.52	0.00460843
1972.02	0.00464947
1972.52	0.00467831
1973.02	0.004694
1973.52	0.00469593
1974.02	0.00468385
1974.52	0.0046579
1975.02	0.00461859
1975.52	0.00456677
1976.02	0.00450367
1976.52	0.00443084
1977.02	0.00435016
1977.52	0.00426383
1978.02	0.00417429
1978.52	0.0040842
1979.02	0.00399635
1979.52	0.00391359
1980.02	0.00383867
1980.52	0.00377414
1981.02	0.00372219
1981.52	0.00368449
1982.02	0.00366207
1982.52	0.00365523
1983.02	0.00366356
1983.52	0.00368593
1984.02	0.00372064
1984.52	0.00376557
1985.02	0.00381829
1985.52	0.0038763
1986.02	0.0039371
1986.52	0.00399834
1987.01	0.00405791
1987.51	0.004114
1988.01	0.00416512
1988.51	0.00421012
1989.01	0.00424822
1989.51	0.00427899
1990.01	0.00430231
1990.51	0.00431839
1991.01	0.00432773
1991.51	0.00433105
1992.01	0.00432929
1992.51	0.00432353
1993.01	0.00431496
1993.51	0.0043048
1994.01	0.00429425
1994.51	0.00428443
1995.01	0.00427629
1995.51	0.0042706
1996.01	0.00426787
1996.51	0.00426834
1997.01	0.00427197
1997.51	0.00427843
1998.01	0.00428716
1998.51	0.00429738
1999.01	0.00430814
1999.51	0.0043184
2000.01	0.0043271
2000.51	0.00433321
2001.01	0.00433578
2001.51	0.00433402
2002.01	0.00432735
2002.51	0.00431542
2003.01	0.00429817
2003.51	0.00427583
2004.01	0.00424896
2004.51	0.00421841
2005.01	0.00418536
2005.51	0.00415125
2006.01	0.00411776
2006.51	0.00408672
2007.01	0.00406005
2007.51	0.00403964
2008.01	0.00402725
2008.51	0.00402435
2009.01	0.00403201
2009.51	0.00405084
2010.01	0.00408088
2010.51	0.00412156
2011.01	0.00417177
2011.51	0.00422988
2012.01	0.00429383
2012.51	0.00436127
2013.01	0.0044296
2013.51	0.00449617
2014.01	0.00455829
2014.51	0.00461341
2015.01	0.00465911
2015.51	0.0046932
2016.01	0.00471378
2016.51	0.00471926
2017.01	0.00470839
2017.51	0.00468034
2018.01	0.00463465
2018.51	0.00457133
2019.01	0.00449087
2019.51	0.00439427
2020.01	0.00428305
2020.51	0.00415934
2021.01	0.00402591
2021.51	0.00388618
2022.01	0.0037443
2022.51	0.00360508
2023.01	0.00347401
2023.51	0.003357
2024.01	0.00326015
2024.51	0.00318919
2025.01	0.00314886
2025.51	0.00314226
2026.01	0.00317028
2026.51	0.00323151
2027.01	0.00332238
2027.51	0.00343777
2028	0.00357159
2028.5	0.00371747
2029	0.00386909
2029.5	0.00402059
2030	0.0041666
2030.5	0.00430239
2031	0.00442385
2031.5	0.00452745
2032	0.00461027
2032.5	0.00466994
2033	0.00470464
2033.5	0.0047131
2034	0.00469457
2034.5	0.00464886
2035	0.00457635
2035.5	0.00447801
2036	0.00435542
2036.5	0.00421089
2037	0.00404751
2037.5	0.00386924
2038	0.0036811
2038.5	0.00348932
2039	0.00330147
2039.5	0.00312659
2040	0.002975
2040.5	0.00285771
2041	0.00278519
2041.5	0.00276547
2042	0.00280233
2042.5	0.00289428
2043	0.00303516
2043.5	0.00321572
2044	0.00342548
2044.5	0.00365418
2045	0.00389244
2045.5	0.0041321
2046	0.00436615
2046.5	0.0045887
2047	0.00479475
2047.5	0.00498016
2048	0.00514146
