  1.52911759   0.78539816
  1.48736624   0.83448555
  1.48736624   0.73631078
  1.44546850   0.78539816
  1.44546850   0.88357293
  1.40334825   0.93266032
  1.40334825   0.83448555
  1.36092573   0.88357293
  1.44546850   0.68722339
  1.40334825   0.73631078
  1.40334825   0.63813601
  1.36092573   0.68722339
  1.36092573   0.78539816
  1.31811607   0.83448555
  1.31811607   0.73631078
  1.27482752   0.78539816
  1.36092573   0.98174770
  1.31811607   1.03083509
  1.31811607   0.93266032
  1.27482752   0.98174770
  1.27482752   1.07992247
  1.23095942   1.12900986
  1.23095942   1.03083509
  1.18639955   1.07992247
  1.27482752   0.88357293
  1.23095942   0.93266032
  1.23095942   0.83448555
  1.18639955   0.88357293
  1.18639955   0.98174770
  1.14102090   1.03083509
  1.14102090   0.93266032
  1.09467727   0.98174770
  1.36092573   0.58904862
  1.31811607   0.63813601
  1.31811607   0.53996124
  1.27482752   0.58904862
  1.27482752   0.68722339
  1.23095942   0.73631078
  1.23095942   0.63813601
  1.18639955   0.68722339
  1.27482752   0.49087385
  1.23095942   0.53996124
  1.23095942   0.44178647
  1.18639955   0.49087385
  1.18639955   0.58904862
  1.14102090   0.63813601
  1.14102090   0.53996124
  1.09467727   0.58904862
  1.18639955   0.78539816
  1.14102090   0.83448555
  1.14102090   0.73631078
  1.09467727   0.78539816
  1.09467727   0.88357293
  1.04719755   0.93266032
  1.04719755   0.83448555
  0.99837775   0.88357293
  1.09467727   0.68722339
  1.04719755   0.73631078
  1.04719755   0.63813601
  0.99837775   0.68722339
  0.99837775   0.78539816
  0.94796974   0.83448555
  0.94796974   0.73631078
  0.89566479   0.78539816
  1.18639955   1.17809725
  1.14102090   1.22718463
  1.14102090   1.12900986
  1.09467727   1.17809725
  1.09467727   1.27627202
  1.04719755   1.32535940
  1.04719755   1.22718463
  0.99837775   1.27627202
  1.09467727   1.07992247
  1.04719755   1.12900986
  1.04719755   1.03083509
  0.99837775   1.07992247
  0.99837775   1.17809725
  0.94796974   1.22718463
  0.94796974   1.12900986
  0.89566479   1.17809725
  0.99837775   1.37444679
  0.94796974   1.42353417
  0.94796974   1.32535940
  0.89566479   1.37444679
  0.89566479   1.47262156
  0.84106867   1.52170894
  0.84106867   1.42353417
  0.78550497   1.51843645
  0.89566479   1.27627202
  0.84106867   1.32535940
  0.84106867   1.22718463
  0.78550497   1.30899694
  0.78550497   1.41371669
  0.73057374   1.51469646
  0.73057374   1.40249672
  0.67621373   1.51038108
  0.99837775   0.98174770
  0.94796974   1.03083509
  0.94796974   0.93266032
  0.89566479   0.98174770
  0.89566479   1.07992247
  0.84106867   1.12900986
  0.84106867   1.03083509
  0.78550497   1.09955743
  0.89566479   0.88357293
  0.84106867   0.93266032
  0.84106867   0.83448555
  0.78550497   0.89011792
  0.78550497   0.99483767
  0.73057374   1.06589751
  0.73057374   0.95369777
  0.67621373   1.02705914
  0.78550497   1.20427718
  0.73057374   1.29029698
  0.73057374   1.17809725
  0.67621373   1.26872011
  0.67621373   1.38955060
  0.62236849   1.50534648
  0.62236849   1.37444679
  0.56898565   1.49939649
  0.67621373   1.14788962
  0.62236849   1.24354709
  0.62236849   1.11264740
  0.56898565   1.21379716
  0.56898565   1.35659683
  0.51601639   1.49225651
  0.51601639   1.33517688
  0.46341487   1.48352986
  1.18639955   0.39269908
  1.14102090   0.44178647
  1.14102090   0.34361170
  1.09467727   0.39269908
  1.09467727   0.49087385
  1.04719755   0.53996124
  1.04719755   0.44178647
  0.99837775   0.49087385
  1.09467727   0.29452431
  1.04719755   0.34361170
  1.04719755   0.24543693
  0.99837775   0.29452431
  0.99837775   0.39269908
  0.94796974   0.44178647
  0.94796974   0.34361170
  0.89566479   0.39269908
  0.99837775   0.58904862
  0.94796974   0.63813601
  0.94796974   0.53996124
  0.89566479   0.58904862
  0.89566479   0.68722339
  0.84106867   0.73631078
  0.84106867   0.63813601
  0.78550497   0.68067841
  0.89566479   0.49087385
  0.84106867   0.53996124
  0.84106867   0.44178647
  0.78550497   0.47123890
  0.78550497   0.57595865
  0.73057374   0.61709856
  0.73057374   0.50489882
  0.67621373   0.54373719
  0.99837775   0.19634954
  0.94796974   0.24543693
  0.94796974   0.14726216
  0.89566479   0.19634954
  0.89566479   0.29452431
  0.84106867   0.34361170
  0.84106867   0.24543693
  0.78550497   0.26179939
  0.89566479   0.09817477
  0.84106867   0.14726216
  0.84106867   0.04908739
  0.78550497   0.05235988
  0.78550497   0.15707963
  0.73057374   0.16829961
  0.73057374   0.05609987
  0.67621373   0.06041524
  0.78550497   0.36651914
  0.73057374   0.39269908
  0.73057374   0.28049934
  0.67621373   0.30207622
  0.67621373   0.42290670
  0.62236849   0.45814893
  0.62236849   0.32724923
  0.56898565   0.35699917
  0.67621373   0.18124573
  0.62236849   0.19634954
  0.62236849   0.06544985
  0.56898565   0.07139983
  0.56898565   0.21419950
  0.51601639   0.23561945
  0.51601639   0.07853982
  0.46341487   0.08726646
  0.78550497   0.78539816
  0.73057374   0.84149803
  0.73057374   0.72929829
  0.67621373   0.78539816
  0.67621373   0.90622865
  0.62236849   0.98174770
  0.62236849   0.85084801
  0.56898565   0.92819783
  0.67621373   0.66456768
  0.62236849   0.71994832
  0.62236849   0.58904862
  0.56898565   0.64259850
  0.56898565   0.78539816
  0.51601639   0.86393798
  0.51601639   0.70685835
  0.46341487   0.78539816
  0.56898565   1.07099750
  0.51601639   1.17809725
  0.51601639   1.02101761
  0.46341487   1.13446401
  0.46341487   1.30899694
  0.41113786   1.47262156
  0.41113786   1.27627202
  0.35914432   1.45859659
  0.46341487   0.95993109
  0.41113786   1.07992247
  0.41113786   0.88357293
  0.35914432   1.00979764
  0.35914432   1.23419711
  0.30739505   1.43989663
  0.30739505   1.17809725
  0.25585245   1.41371669
  0.56898565   0.49979883
  0.51601639   0.54977871
  0.51601639   0.39269908
  0.46341487   0.43633231
  0.46341487   0.61086524
  0.41113786   0.68722339
  0.41113786   0.49087385
  0.35914432   0.56099869
  0.46341487   0.26179939
  0.41113786   0.29452431
  0.41113786   0.09817477
  0.35914432   0.11219974
  0.35914432   0.33659921
  0.30739505   0.39269908
  0.30739505   0.13089969
  0.25585245   0.15707963
  0.35914432   0.78539816
  0.30739505   0.91629786
  0.30739505   0.65449847
  0.25585245   0.78539816
  0.25585245   1.09955743
  0.20448020   1.37444679
  0.20448020   0.98174770
  0.15324301   1.30899694
  0.25585245   0.47123890
  0.20448020   0.58904862
  0.20448020   0.19634954
  0.15324301   0.26179939
  0.15324301   0.78539816
  0.10210642   1.17809725
  0.10210642   0.39269908
  0.05103658   0.78539816
  1.52911759   2.35619449
  1.48736624   2.40528188
  1.48736624   2.30710710
  1.44546850   2.35619449
  1.44546850   2.45436926
  1.40334825   2.50345665
  1.40334825   2.40528188
  1.36092573   2.45436926
  1.44546850   2.25801972
  1.40334825   2.30710710
  1.40334825   2.20893233
  1.36092573   2.25801972
  1.36092573   2.35619449
  1.31811607   2.40528188
  1.31811607   2.30710710
  1.27482752   2.35619449
  1.36092573   2.55254403
  1.31811607   2.60163142
  1.31811607   2.50345665
  1.27482752   2.55254403
  1.27482752   2.65071880
  1.23095942   2.69980619
  1.23095942   2.60163142
  1.18639955   2.65071880
  1.27482752   2.45436926
  1.23095942   2.50345665
  1.23095942   2.40528188
  1.18639955   2.45436926
  1.18639955   2.55254403
  1.14102090   2.60163142
  1.14102090   2.50345665
  1.09467727   2.55254403
  1.36092573   2.15984495
  1.31811607   2.20893233
  1.31811607   2.11075756
  1.27482752   2.15984495
  1.27482752   2.25801972
  1.23095942   2.30710710
  1.23095942   2.20893233
  1.18639955   2.25801972
  1.27482752   2.06167018
  1.23095942   2.11075756
  1.23095942   2.01258279
  1.18639955   2.06167018
  1.18639955   2.15984495
  1.14102090   2.20893233
  1.14102090   2.11075756
  1.09467727   2.15984495
  1.18639955   2.35619449
  1.14102090   2.40528188
  1.14102090   2.30710710
  1.09467727   2.35619449
  1.09467727   2.45436926
  1.04719755   2.50345665
  1.04719755   2.40528188
  0.99837775   2.45436926
  1.09467727   2.25801972
  1.04719755   2.30710710
  1.04719755   2.20893233
  0.99837775   2.25801972
  0.99837775   2.35619449
  0.94796974   2.40528188
  0.94796974   2.30710710
  0.89566479   2.35619449
  1.18639955   2.74889357
  1.14102090   2.79798096
  1.14102090   2.69980619
  1.09467727   2.74889357
  1.09467727   2.84706834
  1.04719755   2.89615573
  1.04719755   2.79798096
  0.99837775   2.84706834
  1.09467727   2.65071880
  1.04719755   2.69980619
  1.04719755   2.60163142
  0.99837775   2.65071880
  0.99837775   2.74889357
  0.94796974   2.79798096
  0.94796974   2.69980619
  0.89566479   2.74889357
  0.99837775   2.94524311
  0.94796974   2.99433050
  0.94796974   2.89615573
  0.89566479   2.94524311
  0.89566479   3.04341788
  0.84106867   3.09250527
  0.84106867   2.99433050
  0.78550497   3.08923278
  0.89566479   2.84706834
  0.84106867   2.89615573
  0.84106867   2.79798096
  0.78550497   2.87979327
  0.78550497   2.98451302
  0.73057374   3.08549278
  0.73057374   2.97329305
  0.67621373   3.08117741
  0.99837775   2.55254403
  0.94796974   2.60163142
  0.94796974   2.50345665
  0.89566479   2.55254403
  0.89566479   2.65071880
  0.84106867   2.69980619
  0.84106867   2.60163142
  0.78550497   2.67035376
  0.89566479   2.45436926
  0.84106867   2.50345665
  0.84106867   2.40528188
  0.78550497   2.46091425
  0.78550497   2.56563400
  0.73057374   2.63669383
  0.73057374   2.52449410
  0.67621373   2.59785546
  0.78550497   2.77507351
  0.73057374   2.86109331
  0.73057374   2.74889357
  0.67621373   2.83951644
  0.67621373   2.96034692
  0.62236849   3.07614281
  0.62236849   2.94524311
  0.56898565   3.07019282
  0.67621373   2.71868595
  0.62236849   2.81434342
  0.62236849   2.68344372
  0.56898565   2.78459349
  0.56898565   2.92739315
  0.51601639   3.06305284
  0.51601639   2.90597320
  0.46341487   3.05432619
  1.18639955   1.96349541
  1.14102090   2.01258279
  1.14102090   1.91440802
  1.09467727   1.96349541
  1.09467727   2.06167018
  1.04719755   2.11075756
  1.04719755   2.01258279
  0.99837775   2.06167018
  1.09467727   1.86532064
  1.04719755   1.91440802
  1.04719755   1.81623325
  0.99837775   1.86532064
  0.99837775   1.96349541
  0.94796974   2.01258279
  0.94796974   1.91440802
  0.89566479   1.96349541
  0.99837775   2.15984495
  0.94796974   2.20893233
  0.94796974   2.11075756
  0.89566479   2.15984495
  0.89566479   2.25801972
  0.84106867   2.30710710
  0.84106867   2.20893233
  0.78550497   2.25147474
  0.89566479   2.06167018
  0.84106867   2.11075756
  0.84106867   2.01258279
  0.78550497   2.04203522
  0.78550497   2.14675498
  0.73057374   2.18789488
  0.73057374   2.07569515
  0.67621373   2.11453352
  0.99837775   1.76714587
  0.94796974   1.81623325
  0.94796974   1.71805848
  0.89566479   1.76714587
  0.89566479   1.86532064
  0.84106867   1.91440802
  0.84106867   1.81623325
  0.78550497   1.83259571
  0.89566479   1.66897110
  0.84106867   1.71805848
  0.84106867   1.61988371
  0.78550497   1.62315620
  0.78550497   1.72787596
  0.73057374   1.73909593
  0.73057374   1.62689620
  0.67621373   1.63121157
  0.78550497   1.93731547
  0.73057374   1.96349541
  0.73057374   1.85129567
  0.67621373   1.87287254
  0.67621373   1.99370303
  0.62236849   2.02894526
  0.62236849   1.89804556
  0.56898565   1.92779549
  0.67621373   1.75204206
  0.62236849   1.76714587
  0.62236849   1.63624617
  0.56898565   1.64219616
  0.56898565   1.78499583
  0.51601639   1.80641578
  0.51601639   1.64933614
  0.46341487   1.65806279
  0.78550497   2.35619449
  0.73057374   2.41229436
  0.73057374   2.30009462
  0.67621373   2.35619449
  0.67621373   2.47702498
  0.62236849   2.55254403
  0.62236849   2.42164434
  0.56898565   2.49899416
  0.67621373   2.23536400
  0.62236849   2.29074464
  0.62236849   2.15984495
  0.56898565   2.21339482
  0.56898565   2.35619449
  0.51601639   2.43473431
  0.51601639   2.27765467
  0.46341487   2.35619449
  0.56898565   2.64179382
  0.51601639   2.74889357
  0.51601639   2.59181394
  0.46341487   2.70526034
  0.46341487   2.87979327
  0.41113786   3.04341788
  0.41113786   2.84706834
  0.35914432   3.02939292
  0.46341487   2.53072742
  0.41113786   2.65071880
  0.41113786   2.45436926
  0.35914432   2.58059397
  0.35914432   2.80499344
  0.30739505   3.01069296
  0.30739505   2.74889357
  0.25585245   2.98451302
  0.56898565   2.07059516
  0.51601639   2.12057504
  0.51601639   1.96349541
  0.46341487   2.00712864
  0.46341487   2.18166156
  0.41113786   2.25801972
  0.41113786   2.06167018
  0.35914432   2.13179501
  0.46341487   1.83259571
  0.41113786   1.86532064
  0.41113786   1.66897110
  0.35914432   1.68299606
  0.35914432   1.90739554
  0.30739505   1.96349541
  0.30739505   1.70169602
  0.25585245   1.72787596
  0.35914432   2.35619449
  0.30739505   2.48709418
  0.30739505   2.22529480
  0.25585245   2.35619449
  0.25585245   2.67035376
  0.20448020   2.94524311
  0.20448020   2.55254403
  0.15324301   2.87979327
  0.25585245   2.04203522
  0.20448020   2.15984495
  0.20448020   1.76714587
  0.15324301   1.83259571
  0.15324301   2.35619449
  0.10210642   2.74889357
  0.10210642   1.96349541
  0.05103658   2.35619449
  1.52911759   3.92699082
  1.48736624   3.97607820
  1.48736624   3.87790343
  1.44546850   3.92699082
  1.44546850   4.02516559
  1.40334825   4.07425297
  1.40334825   3.97607820
  1.36092573   4.02516559
  1.44546850   3.82881605
  1.40334825   3.87790343
  1.40334825   3.77972866
  1.36092573   3.82881605
  1.36092573   3.92699082
  1.31811607   3.97607820
  1.31811607   3.87790343
  1.27482752   3.92699082
  1.36092573   4.12334036
  1.31811607   4.17242774
  1.31811607   4.07425297
  1.27482752   4.12334036
  1.27482752   4.22151513
  1.23095942   4.27060251
  1.23095942   4.17242774
  1.18639955   4.22151513
  1.27482752   4.02516559
  1.23095942   4.07425297
  1.23095942   3.97607820
  1.18639955   4.02516559
  1.18639955   4.12334036
  1.14102090   4.17242774
  1.14102090   4.07425297
  1.09467727   4.12334036
  1.36092573   3.73064128
  1.31811607   3.77972866
  1.31811607   3.68155389
  1.27482752   3.73064128
  1.27482752   3.82881605
  1.23095942   3.87790343
  1.23095942   3.77972866
  1.18639955   3.82881605
  1.27482752   3.63246651
  1.23095942   3.68155389
  1.23095942   3.58337912
  1.18639955   3.63246651
  1.18639955   3.73064128
  1.14102090   3.77972866
  1.14102090   3.68155389
  1.09467727   3.73064128
  1.18639955   3.92699082
  1.14102090   3.97607820
  1.14102090   3.87790343
  1.09467727   3.92699082
  1.09467727   4.02516559
  1.04719755   4.07425297
  1.04719755   3.97607820
  0.99837775   4.02516559
  1.09467727   3.82881605
  1.04719755   3.87790343
  1.04719755   3.77972866
  0.99837775   3.82881605
  0.99837775   3.92699082
  0.94796974   3.97607820
  0.94796974   3.87790343
  0.89566479   3.92699082
  1.18639955   4.31968990
  1.14102090   4.36877728
  1.14102090   4.27060251
  1.09467727   4.31968990
  1.09467727   4.41786467
  1.04719755   4.46695205
  1.04719755   4.36877728
  0.99837775   4.41786467
  1.09467727   4.22151513
  1.04719755   4.27060251
  1.04719755   4.17242774
  0.99837775   4.22151513
  0.99837775   4.31968990
  0.94796974   4.36877728
  0.94796974   4.27060251
  0.89566479   4.31968990
  0.99837775   4.51603944
  0.94796974   4.56512682
  0.94796974   4.46695205
  0.89566479   4.51603944
  0.89566479   4.61421421
  0.84106867   4.66330160
  0.84106867   4.56512682
  0.78550497   4.66002910
  0.89566479   4.41786467
  0.84106867   4.46695205
  0.84106867   4.36877728
  0.78550497   4.45058959
  0.78550497   4.55530935
  0.73057374   4.65628911
  0.73057374   4.54408937
  0.67621373   4.65197374
  0.99837775   4.12334036
  0.94796974   4.17242774
  0.94796974   4.07425297
  0.89566479   4.12334036
  0.89566479   4.22151513
  0.84106867   4.27060251
  0.84106867   4.17242774
  0.78550497   4.24115008
  0.89566479   4.02516559
  0.84106867   4.07425297
  0.84106867   3.97607820
  0.78550497   4.03171057
  0.78550497   4.13643033
  0.73057374   4.20749016
  0.73057374   4.09529042
  0.67621373   4.16865179
  0.78550497   4.34586984
  0.73057374   4.43188964
  0.73057374   4.31968990
  0.67621373   4.41031276
  0.67621373   4.53114325
  0.62236849   4.64693913
  0.62236849   4.51603944
  0.56898565   4.64098915
  0.67621373   4.28948228
  0.62236849   4.38513975
  0.62236849   4.25424005
  0.56898565   4.35538982
  0.56898565   4.49818948
  0.51601639   4.63384916
  0.51601639   4.47676953
  0.46341487   4.62512252
  1.18639955   3.53429174
  1.14102090   3.58337912
  1.14102090   3.48520435
  1.09467727   3.53429174
  1.09467727   3.63246651
  1.04719755   3.68155389
  1.04719755   3.58337912
  0.99837775   3.63246651
  1.09467727   3.43611696
  1.04719755   3.48520435
  1.04719755   3.38702958
  0.99837775   3.43611696
  0.99837775   3.53429174
  0.94796974   3.58337912
  0.94796974   3.48520435
  0.89566479   3.53429174
  0.99837775   3.73064128
  0.94796974   3.77972866
  0.94796974   3.68155389
  0.89566479   3.73064128
  0.89566479   3.82881605
  0.84106867   3.87790343
  0.84106867   3.77972866
  0.78550497   3.82227106
  0.89566479   3.63246651
  0.84106867   3.68155389
  0.84106867   3.58337912
  0.78550497   3.61283155
  0.78550497   3.71755131
  0.73057374   3.75869121
  0.73057374   3.64649147
  0.67621373   3.68532984
  0.99837775   3.33794219
  0.94796974   3.38702958
  0.94796974   3.28885481
  0.89566479   3.33794219
  0.89566479   3.43611696
  0.84106867   3.48520435
  0.84106867   3.38702958
  0.78550497   3.40339204
  0.89566479   3.23976742
  0.84106867   3.28885481
  0.84106867   3.19068004
  0.78550497   3.19395253
  0.78550497   3.29867229
  0.73057374   3.30989226
  0.73057374   3.19769252
  0.67621373   3.20200790
  0.78550497   3.50811180
  0.73057374   3.53429174
  0.73057374   3.42209200
  0.67621373   3.44366887
  0.67621373   3.56449936
  0.62236849   3.59974158
  0.62236849   3.46884189
  0.56898565   3.49859182
  0.67621373   3.32283838
  0.62236849   3.33794219
  0.62236849   3.20704250
  0.56898565   3.21299249
  0.56898565   3.35579215
  0.51601639   3.37721210
  0.51601639   3.22013247
  0.46341487   3.22885912
  0.78550497   3.92699082
  0.73057374   3.98309069
  0.73057374   3.87089095
  0.67621373   3.92699082
  0.67621373   4.04782130
  0.62236849   4.12334036
  0.62236849   3.99244066
  0.56898565   4.06979048
  0.67621373   3.80616033
  0.62236849   3.86154097
  0.62236849   3.73064128
  0.56898565   3.78419115
  0.56898565   3.92699082
  0.51601639   4.00553063
  0.51601639   3.84845100
  0.46341487   3.92699082
  0.56898565   4.21259015
  0.51601639   4.31968990
  0.51601639   4.16261027
  0.46341487   4.27605667
  0.46341487   4.45058959
  0.41113786   4.61421421
  0.41113786   4.41786467
  0.35914432   4.60018924
  0.46341487   4.10152374
  0.41113786   4.22151513
  0.41113786   4.02516559
  0.35914432   4.15139029
  0.35914432   4.37578977
  0.30739505   4.58148929
  0.30739505   4.31968990
  0.25585245   4.55530935
  0.56898565   3.64139148
  0.51601639   3.69137137
  0.51601639   3.53429174
  0.46341487   3.57792497
  0.46341487   3.75245789
  0.41113786   3.82881605
  0.41113786   3.63246651
  0.35914432   3.70259134
  0.46341487   3.40339204
  0.41113786   3.43611696
  0.41113786   3.23976742
  0.35914432   3.25379239
  0.35914432   3.47819187
  0.30739505   3.53429174
  0.30739505   3.27249235
  0.25585245   3.29867229
  0.35914432   3.92699082
  0.30739505   4.05789051
  0.30739505   3.79609112
  0.25585245   3.92699082
  0.25585245   4.24115008
  0.20448020   4.51603944
  0.20448020   4.12334036
  0.15324301   4.45058959
  0.25585245   3.61283155
  0.20448020   3.73064128
  0.20448020   3.33794219
  0.15324301   3.40339204
  0.15324301   3.92699082
  0.10210642   4.31968990
  0.10210642   3.53429174
  0.05103658   3.92699082
  1.52911759   5.49778714
  1.48736624   5.54687453
  1.48736624   5.44869976
  1.44546850   5.49778714
  1.44546850   5.59596191
  1.40334825   5.64504930
  1.40334825   5.54687453
  1.36092573   5.59596191
  1.44546850   5.39961237
  1.40334825   5.44869976
  1.40334825   5.35052499
  1.36092573   5.39961237
  1.36092573   5.49778714
  1.31811607   5.54687453
  1.31811607   5.44869976
  1.27482752   5.49778714
  1.36092573   5.69413668
  1.31811607   5.74322407
  1.31811607   5.64504930
  1.27482752   5.69413668
  1.27482752   5.79231146
  1.23095942   5.84139884
  1.23095942   5.74322407
  1.18639955   5.79231146
  1.27482752   5.59596191
  1.23095942   5.64504930
  1.23095942   5.54687453
  1.18639955   5.59596191
  1.18639955   5.69413668
  1.14102090   5.74322407
  1.14102090   5.64504930
  1.09467727   5.69413668
  1.36092573   5.30143760
  1.31811607   5.35052499
  1.31811607   5.25235022
  1.27482752   5.30143760
  1.27482752   5.39961237
  1.23095942   5.44869976
  1.23095942   5.35052499
  1.18639955   5.39961237
  1.27482752   5.20326283
  1.23095942   5.25235022
  1.23095942   5.15417545
  1.18639955   5.20326283
  1.18639955   5.30143760
  1.14102090   5.35052499
  1.14102090   5.25235022
  1.09467727   5.30143760
  1.18639955   5.49778714
  1.14102090   5.54687453
  1.14102090   5.44869976
  1.09467727   5.49778714
  1.09467727   5.59596191
  1.04719755   5.64504930
  1.04719755   5.54687453
  0.99837775   5.59596191
  1.09467727   5.39961237
  1.04719755   5.44869976
  1.04719755   5.35052499
  0.99837775   5.39961237
  0.99837775   5.49778714
  0.94796974   5.54687453
  0.94796974   5.44869976
  0.89566479   5.49778714
  1.18639955   5.89048623
  1.14102090   5.93957361
  1.14102090   5.84139884
  1.09467727   5.89048623
  1.09467727   5.98866100
  1.04719755   6.03774838
  1.04719755   5.93957361
  0.99837775   5.98866100
  1.09467727   5.79231146
  1.04719755   5.84139884
  1.04719755   5.74322407
  0.99837775   5.79231146
  0.99837775   5.89048623
  0.94796974   5.93957361
  0.94796974   5.84139884
  0.89566479   5.89048623
  0.99837775   6.08683577
  0.94796974   6.13592315
  0.94796974   6.03774838
  0.89566479   6.08683577
  0.89566479   6.18501054
  0.84106867   6.23409792
  0.84106867   6.13592315
  0.78550497   6.23082543
  0.89566479   5.98866100
  0.84106867   6.03774838
  0.84106867   5.93957361
  0.78550497   6.02138592
  0.78550497   6.12610567
  0.73057374   6.22708544
  0.73057374   6.11488570
  0.67621373   6.22277006
  0.99837775   5.69413668
  0.94796974   5.74322407
  0.94796974   5.64504930
  0.89566479   5.69413668
  0.89566479   5.79231146
  0.84106867   5.84139884
  0.84106867   5.74322407
  0.78550497   5.81194641
  0.89566479   5.59596191
  0.84106867   5.64504930
  0.84106867   5.54687453
  0.78550497   5.60250690
  0.78550497   5.70722665
  0.73057374   5.77828649
  0.73057374   5.66608675
  0.67621373   5.73944812
  0.78550497   5.91666616
  0.73057374   6.00268596
  0.73057374   5.89048623
  0.67621373   5.98110909
  0.67621373   6.10193958
  0.62236849   6.21773546
  0.62236849   6.08683577
  0.56898565   6.21178547
  0.67621373   5.86027860
  0.62236849   5.95593607
  0.62236849   5.82503638
  0.56898565   5.92618614
  0.56898565   6.06898581
  0.51601639   6.20464549
  0.51601639   6.04756586
  0.46341487   6.19591884
  1.18639955   5.10508806
  1.14102090   5.15417545
  1.14102090   5.05600068
  1.09467727   5.10508806
  1.09467727   5.20326283
  1.04719755   5.25235022
  1.04719755   5.15417545
  0.99837775   5.20326283
  1.09467727   5.00691329
  1.04719755   5.05600068
  1.04719755   4.95782591
  0.99837775   5.00691329
  0.99837775   5.10508806
  0.94796974   5.15417545
  0.94796974   5.05600068
  0.89566479   5.10508806
  0.99837775   5.30143760
  0.94796974   5.35052499
  0.94796974   5.25235022
  0.89566479   5.30143760
  0.89566479   5.39961237
  0.84106867   5.44869976
  0.84106867   5.35052499
  0.78550497   5.39306739
  0.89566479   5.20326283
  0.84106867   5.25235022
  0.84106867   5.15417545
  0.78550497   5.18362788
  0.78550497   5.28834763
  0.73057374   5.32948754
  0.73057374   5.21728780
  0.67621373   5.25612617
  0.99837775   4.90873852
  0.94796974   4.95782591
  0.94796974   4.85965114
  0.89566479   4.90873852
  0.89566479   5.00691329
  0.84106867   5.05600068
  0.84106867   4.95782591
  0.78550497   4.97418837
  0.89566479   4.81056375
  0.84106867   4.85965114
  0.84106867   4.76147637
  0.78550497   4.76474886
  0.78550497   4.86946861
  0.73057374   4.88068859
  0.73057374   4.76848885
  0.67621373   4.77280422
  0.78550497   5.07890812
  0.73057374   5.10508806
  0.73057374   4.99288832
  0.67621373   5.01446520
  0.67621373   5.13529568
  0.62236849   5.17053791
  0.62236849   5.03963822
  0.56898565   5.06938815
  0.67621373   4.89363471
  0.62236849   4.90873852
  0.62236849   4.77783883
  0.56898565   4.78378881
  0.56898565   4.92658848
  0.51601639   4.94800843
  0.51601639   4.79092880
  0.46341487   4.79965544
  0.78550497   5.49778714
  0.73057374   5.55388701
  0.73057374   5.44168727
  0.67621373   5.49778714
  0.67621373   5.61861763
  0.62236849   5.69413668
  0.62236849   5.56323699
  0.56898565   5.64058681
  0.67621373   5.37695666
  0.62236849   5.43233730
  0.62236849   5.30143760
  0.56898565   5.35498748
  0.56898565   5.49778714
  0.51601639   5.57632696
  0.51601639   5.41924733
  0.46341487   5.49778714
  0.56898565   5.78338648
  0.51601639   5.89048623
  0.51601639   5.73340659
  0.46341487   5.84685299
  0.46341487   6.02138592
  0.41113786   6.18501054
  0.41113786   5.98866100
  0.35914432   6.17098557
  0.46341487   5.67232007
  0.41113786   5.79231146
  0.41113786   5.59596191
  0.35914432   5.72218662
  0.35914432   5.94658609
  0.30739505   6.15228561
  0.30739505   5.89048623
  0.25585245   6.12610567
  0.56898565   5.21218781
  0.51601639   5.26216769
  0.51601639   5.10508806
  0.46341487   5.14872129
  0.46341487   5.32325422
  0.41113786   5.39961237
  0.41113786   5.20326283
  0.35914432   5.27338767
  0.46341487   4.97418837
  0.41113786   5.00691329
  0.41113786   4.81056375
  0.35914432   4.82458872
  0.35914432   5.04898819
  0.30739505   5.10508806
  0.30739505   4.84328867
  0.25585245   4.86946861
  0.35914432   5.49778714
  0.30739505   5.62868684
  0.30739505   5.36688745
  0.25585245   5.49778714
  0.25585245   5.81194641
  0.20448020   6.08683577
  0.20448020   5.69413668
  0.15324301   6.02138592
  0.25585245   5.18362788
  0.20448020   5.30143760
  0.20448020   4.90873852
  0.15324301   4.97418837
  0.15324301   5.49778714
  0.10210642   5.89048623
  0.10210642   5.10508806
  0.05103658   5.49778714
  2.24592786   0.00000000
  2.19362291   0.04908739
  2.19362291   6.23409792
  2.14321490   0.00000000
  2.14321490   0.09817477
  2.09439510   0.14726216
  2.09439510   0.04908739
  2.04691539   0.09817477
  2.14321490   6.18501054
  2.09439510   6.23409792
  2.09439510   6.13592315
  2.04691539   6.18501054
  2.04691539   0.00000000
  2.00057176   0.04908739
  2.00057176   6.23409792
  1.95519310   0.00000000
  2.04691539   0.19634954
  2.00057176   0.24543693
  2.00057176   0.14726216
  1.95519310   0.19634954
  1.95519310   0.29452431
  1.91063324   0.34361170
  1.91063324   0.24543693
  1.86676513   0.29452431
  1.95519310   0.09817477
  1.91063324   0.14726216
  1.91063324   0.04908739
  1.86676513   0.09817477
  1.86676513   0.19634954
  1.82347658   0.24543693
  1.82347658   0.14726216
  1.78066692   0.19634954
  2.04691539   6.08683577
  2.00057176   6.13592315
  2.00057176   6.03774838
  1.95519310   6.08683577
  1.95519310   6.18501054
  1.91063324   6.23409792
  1.91063324   6.13592315
  1.86676513   6.18501054
  1.95519310   5.98866100
  1.91063324   6.03774838
  1.91063324   5.93957361
  1.86676513   5.98866100
  1.86676513   6.08683577
  1.82347658   6.13592315
  1.82347658   6.03774838
  1.78066692   6.08683577
  1.86676513   0.00000000
  1.82347658   0.04908739
  1.82347658   6.23409792
  1.78066692   0.00000000
  1.78066692   0.09817477
  1.73824441   0.14726216
  1.73824441   0.04908739
  1.69612416   0.09817477
  1.78066692   6.18501054
  1.73824441   6.23409792
  1.73824441   6.13592315
  1.69612416   6.18501054
  1.69612416   0.00000000
  1.65422641   0.04908739
  1.65422641   6.23409792
  1.61247506   0.00000000
  1.86676513   0.39269908
  1.82347658   0.44178647
  1.82347658   0.34361170
  1.78066692   0.39269908
  1.78066692   0.49087385
  1.73824441   0.53996124
  1.73824441   0.44178647
  1.69612416   0.49087385
  1.78066692   0.29452431
  1.73824441   0.34361170
  1.73824441   0.24543693
  1.69612416   0.29452431
  1.69612416   0.39269908
  1.65422641   0.44178647
  1.65422641   0.34361170
  1.61247506   0.39269908
  1.69612416   0.58904862
  1.65422641   0.63813601
  1.65422641   0.53996124
  1.61247506   0.58904862
  1.61247506   0.68722339
  1.57079633   0.73631078
  1.57079633   0.63813601
  1.52911759   0.68722339
  1.61247506   0.49087385
  1.57079633   0.53996124
  1.57079633   0.44178647
  1.52911759   0.49087385
  1.52911759   0.58904862
  1.48736624   0.63813601
  1.48736624   0.53996124
  1.44546850   0.58904862
  1.69612416   0.19634954
  1.65422641   0.24543693
  1.65422641   0.14726216
  1.61247506   0.19634954
  1.61247506   0.29452431
  1.57079633   0.34361170
  1.57079633   0.24543693
  1.52911759   0.29452431
  1.61247506   0.09817477
  1.57079633   0.14726216
  1.57079633   0.04908739
  1.52911759   0.09817477
  1.52911759   0.19634954
  1.48736624   0.24543693
  1.48736624   0.14726216
  1.44546850   0.19634954
  1.52911759   0.39269908
  1.48736624   0.44178647
  1.48736624   0.34361170
  1.44546850   0.39269908
  1.44546850   0.49087385
  1.40334825   0.53996124
  1.40334825   0.44178647
  1.36092573   0.49087385
  1.44546850   0.29452431
  1.40334825   0.34361170
  1.40334825   0.24543693
  1.36092573   0.29452431
  1.36092573   0.39269908
  1.31811607   0.44178647
  1.31811607   0.34361170
  1.27482752   0.39269908
  1.86676513   5.89048623
  1.82347658   5.93957361
  1.82347658   5.84139884
  1.78066692   5.89048623
  1.78066692   5.98866100
  1.73824441   6.03774838
  1.73824441   5.93957361
  1.69612416   5.98866100
  1.78066692   5.79231146
  1.73824441   5.84139884
  1.73824441   5.74322407
  1.69612416   5.79231146
  1.69612416   5.89048623
  1.65422641   5.93957361
  1.65422641   5.84139884
  1.61247506   5.89048623
  1.69612416   6.08683577
  1.65422641   6.13592315
  1.65422641   6.03774838
  1.61247506   6.08683577
  1.61247506   6.18501054
  1.57079633   6.23409792
  1.57079633   6.13592315
  1.52911759   6.18501054
  1.61247506   5.98866100
  1.57079633   6.03774838
  1.57079633   5.93957361
  1.52911759   5.98866100
  1.52911759   6.08683577
  1.48736624   6.13592315
  1.48736624   6.03774838
  1.44546850   6.08683577
  1.69612416   5.69413668
  1.65422641   5.74322407
  1.65422641   5.64504930
  1.61247506   5.69413668
  1.61247506   5.79231146
  1.57079633   5.84139884
  1.57079633   5.74322407
  1.52911759   5.79231146
  1.61247506   5.59596191
  1.57079633   5.64504930
  1.57079633   5.54687453
  1.52911759   5.59596191
  1.52911759   5.69413668
  1.48736624   5.74322407
  1.48736624   5.64504930
  1.44546850   5.69413668
  1.52911759   5.89048623
  1.48736624   5.93957361
  1.48736624   5.84139884
  1.44546850   5.89048623
  1.44546850   5.98866100
  1.40334825   6.03774838
  1.40334825   5.93957361
  1.36092573   5.98866100
  1.44546850   5.79231146
  1.40334825   5.84139884
  1.40334825   5.74322407
  1.36092573   5.79231146
  1.36092573   5.89048623
  1.31811607   5.93957361
  1.31811607   5.84139884
  1.27482752   5.89048623
  1.52911759   0.00000000
  1.48736624   0.04908739
  1.48736624   6.23409792
  1.44546850   0.00000000
  1.44546850   0.09817477
  1.40334825   0.14726216
  1.40334825   0.04908739
  1.36092573   0.09817477
  1.44546850   6.18501054
  1.40334825   6.23409792
  1.40334825   6.13592315
  1.36092573   6.18501054
  1.36092573   0.00000000
  1.31811607   0.04908739
  1.31811607   6.23409792
  1.27482752   0.00000000
  1.36092573   0.19634954
  1.31811607   0.24543693
  1.31811607   0.14726216
  1.27482752   0.19634954
  1.27482752   0.29452431
  1.23095942   0.34361170
  1.23095942   0.24543693
  1.18639955   0.29452431
  1.27482752   0.09817477
  1.23095942   0.14726216
  1.23095942   0.04908739
  1.18639955   0.09817477
  1.18639955   0.19634954
  1.14102090   0.24543693
  1.14102090   0.14726216
  1.09467727   0.19634954
  1.36092573   6.08683577
  1.31811607   6.13592315
  1.31811607   6.03774838
  1.27482752   6.08683577
  1.27482752   6.18501054
  1.23095942   6.23409792
  1.23095942   6.13592315
  1.18639955   6.18501054
  1.27482752   5.98866100
  1.23095942   6.03774838
  1.23095942   5.93957361
  1.18639955   5.98866100
  1.18639955   6.08683577
  1.14102090   6.13592315
  1.14102090   6.03774838
  1.09467727   6.08683577
  1.18639955   0.00000000
  1.14102090   0.04908739
  1.14102090   6.23409792
  1.09467727   0.00000000
  1.09467727   0.09817477
  1.04719755   0.14726216
  1.04719755   0.04908739
  0.99837775   0.09817477
  1.09467727   6.18501054
  1.04719755   6.23409792
  1.04719755   6.13592315
  0.99837775   6.18501054
  0.99837775   0.00000000
  0.94796974   0.04908739
  0.94796974   6.23409792
  0.89566479   0.00000000
  2.24592786   1.57079633
  2.19362291   1.61988371
  2.19362291   1.52170894
  2.14321490   1.57079633
  2.14321490   1.66897110
  2.09439510   1.71805848
  2.09439510   1.61988371
  2.04691539   1.66897110
  2.14321490   1.47262156
  2.09439510   1.52170894
  2.09439510   1.42353417
  2.04691539   1.47262156
  2.04691539   1.57079633
  2.00057176   1.61988371
  2.00057176   1.52170894
  1.95519310   1.57079633
  2.04691539   1.76714587
  2.00057176   1.81623325
  2.00057176   1.71805848
  1.95519310   1.76714587
  1.95519310   1.86532064
  1.91063324   1.91440802
  1.91063324   1.81623325
  1.86676513   1.86532064
  1.95519310   1.66897110
  1.91063324   1.71805848
  1.91063324   1.61988371
  1.86676513   1.66897110
  1.86676513   1.76714587
  1.82347658   1.81623325
  1.82347658   1.71805848
  1.78066692   1.76714587
  2.04691539   1.37444679
  2.00057176   1.42353417
  2.00057176   1.32535940
  1.95519310   1.37444679
  1.95519310   1.47262156
  1.91063324   1.52170894
  1.91063324   1.42353417
  1.86676513   1.47262156
  1.95519310   1.27627202
  1.91063324   1.32535940
  1.91063324   1.22718463
  1.86676513   1.27627202
  1.86676513   1.37444679
  1.82347658   1.42353417
  1.82347658   1.32535940
  1.78066692   1.37444679
  1.86676513   1.57079633
  1.82347658   1.61988371
  1.82347658   1.52170894
  1.78066692   1.57079633
  1.78066692   1.66897110
  1.73824441   1.71805848
  1.73824441   1.61988371
  1.69612416   1.66897110
  1.78066692   1.47262156
  1.73824441   1.52170894
  1.73824441   1.42353417
  1.69612416   1.47262156
  1.69612416   1.57079633
  1.65422641   1.61988371
  1.65422641   1.52170894
  1.61247506   1.57079633
  1.86676513   1.96349541
  1.82347658   2.01258279
  1.82347658   1.91440802
  1.78066692   1.96349541
  1.78066692   2.06167018
  1.73824441   2.11075756
  1.73824441   2.01258279
  1.69612416   2.06167018
  1.78066692   1.86532064
  1.73824441   1.91440802
  1.73824441   1.81623325
  1.69612416   1.86532064
  1.69612416   1.96349541
  1.65422641   2.01258279
  1.65422641   1.91440802
  1.61247506   1.96349541
  1.69612416   2.15984495
  1.65422641   2.20893233
  1.65422641   2.11075756
  1.61247506   2.15984495
  1.61247506   2.25801972
  1.57079633   2.30710710
  1.57079633   2.20893233
  1.52911759   2.25801972
  1.61247506   2.06167018
  1.57079633   2.11075756
  1.57079633   2.01258279
  1.52911759   2.06167018
  1.52911759   2.15984495
  1.48736624   2.20893233
  1.48736624   2.11075756
  1.44546850   2.15984495
  1.69612416   1.76714587
  1.65422641   1.81623325
  1.65422641   1.71805848
  1.61247506   1.76714587
  1.61247506   1.86532064
  1.57079633   1.91440802
  1.57079633   1.81623325
  1.52911759   1.86532064
  1.61247506   1.66897110
  1.57079633   1.71805848
  1.57079633   1.61988371
  1.52911759   1.66897110
  1.52911759   1.76714587
  1.48736624   1.81623325
  1.48736624   1.71805848
  1.44546850   1.76714587
  1.52911759   1.96349541
  1.48736624   2.01258279
  1.48736624   1.91440802
  1.44546850   1.96349541
  1.44546850   2.06167018
  1.40334825   2.11075756
  1.40334825   2.01258279
  1.36092573   2.06167018
  1.44546850   1.86532064
  1.40334825   1.91440802
  1.40334825   1.81623325
  1.36092573   1.86532064
  1.36092573   1.96349541
  1.31811607   2.01258279
  1.31811607   1.91440802
  1.27482752   1.96349541
  1.86676513   1.17809725
  1.82347658   1.22718463
  1.82347658   1.12900986
  1.78066692   1.17809725
  1.78066692   1.27627202
  1.73824441   1.32535940
  1.73824441   1.22718463
  1.69612416   1.27627202
  1.78066692   1.07992247
  1.73824441   1.12900986
  1.73824441   1.03083509
  1.69612416   1.07992247
  1.69612416   1.17809725
  1.65422641   1.22718463
  1.65422641   1.12900986
  1.61247506   1.17809725
  1.69612416   1.37444679
  1.65422641   1.42353417
  1.65422641   1.32535940
  1.61247506   1.37444679
  1.61247506   1.47262156
  1.57079633   1.52170894
  1.57079633   1.42353417
  1.52911759   1.47262156
  1.61247506   1.27627202
  1.57079633   1.32535940
  1.57079633   1.22718463
  1.52911759   1.27627202
  1.52911759   1.37444679
  1.48736624   1.42353417
  1.48736624   1.32535940
  1.44546850   1.37444679
  1.69612416   0.98174770
  1.65422641   1.03083509
  1.65422641   0.93266032
  1.61247506   0.98174770
  1.61247506   1.07992247
  1.57079633   1.12900986
  1.57079633   1.03083509
  1.52911759   1.07992247
  1.61247506   0.88357293
  1.57079633   0.93266032
  1.57079633   0.83448555
  1.52911759   0.88357293
  1.52911759   0.98174770
  1.48736624   1.03083509
  1.48736624   0.93266032
  1.44546850   0.98174770
  1.52911759   1.17809725
  1.48736624   1.22718463
  1.48736624   1.12900986
  1.44546850   1.17809725
  1.44546850   1.27627202
  1.40334825   1.32535940
  1.40334825   1.22718463
  1.36092573   1.27627202
  1.44546850   1.07992247
  1.40334825   1.12900986
  1.40334825   1.03083509
  1.36092573   1.07992247
  1.36092573   1.17809725
  1.31811607   1.22718463
  1.31811607   1.12900986
  1.27482752   1.17809725
  1.52911759   1.57079633
  1.48736624   1.61988371
  1.48736624   1.52170894
  1.44546850   1.57079633
  1.44546850   1.66897110
  1.40334825   1.71805848
  1.40334825   1.61988371
  1.36092573   1.66897110
  1.44546850   1.47262156
  1.40334825   1.52170894
  1.40334825   1.42353417
  1.36092573   1.47262156
  1.36092573   1.57079633
  1.31811607   1.61988371
  1.31811607   1.52170894
  1.27482752   1.57079633
  1.36092573   1.76714587
  1.31811607   1.81623325
  1.31811607   1.71805848
  1.27482752   1.76714587
  1.27482752   1.86532064
  1.23095942   1.91440802
  1.23095942   1.81623325
  1.18639955   1.86532064
  1.27482752   1.66897110
  1.23095942   1.71805848
  1.23095942   1.61988371
  1.18639955   1.66897110
  1.18639955   1.76714587
  1.14102090   1.81623325
  1.14102090   1.71805848
  1.09467727   1.76714587
  1.36092573   1.37444679
  1.31811607   1.42353417
  1.31811607   1.32535940
  1.27482752   1.37444679
  1.27482752   1.47262156
  1.23095942   1.52170894
  1.23095942   1.42353417
  1.18639955   1.47262156
  1.27482752   1.27627202
  1.23095942   1.32535940
  1.23095942   1.22718463
  1.18639955   1.27627202
  1.18639955   1.37444679
  1.14102090   1.42353417
  1.14102090   1.32535940
  1.09467727   1.37444679
  1.18639955   1.57079633
  1.14102090   1.61988371
  1.14102090   1.52170894
  1.09467727   1.57079633
  1.09467727   1.66897110
  1.04719755   1.71805848
  1.04719755   1.61988371
  0.99837775   1.66897110
  1.09467727   1.47262156
  1.04719755   1.52170894
  1.04719755   1.42353417
  0.99837775   1.47262156
  0.99837775   1.57079633
  0.94796974   1.61988371
  0.94796974   1.52170894
  0.89566479   1.57079633
  2.24592786   3.14159265
  2.19362291   3.19068004
  2.19362291   3.09250527
  2.14321490   3.14159265
  2.14321490   3.23976742
  2.09439510   3.28885481
  2.09439510   3.19068004
  2.04691539   3.23976742
  2.14321490   3.04341788
  2.09439510   3.09250527
  2.09439510   2.99433050
  2.04691539   3.04341788
  2.04691539   3.14159265
  2.00057176   3.19068004
  2.00057176   3.09250527
  1.95519310   3.14159265
  2.04691539   3.33794219
  2.00057176   3.38702958
  2.00057176   3.28885481
  1.95519310   3.33794219
  1.95519310   3.43611696
  1.91063324   3.48520435
  1.91063324   3.38702958
  1.86676513   3.43611696
  1.95519310   3.23976742
  1.91063324   3.28885481
  1.91063324   3.19068004
  1.86676513   3.23976742
  1.86676513   3.33794219
  1.82347658   3.38702958
  1.82347658   3.28885481
  1.78066692   3.33794219
  2.04691539   2.94524311
  2.00057176   2.99433050
  2.00057176   2.89615573
  1.95519310   2.94524311
  1.95519310   3.04341788
  1.91063324   3.09250527
  1.91063324   2.99433050
  1.86676513   3.04341788
  1.95519310   2.84706834
  1.91063324   2.89615573
  1.91063324   2.79798096
  1.86676513   2.84706834
  1.86676513   2.94524311
  1.82347658   2.99433050
  1.82347658   2.89615573
  1.78066692   2.94524311
  1.86676513   3.14159265
  1.82347658   3.19068004
  1.82347658   3.09250527
  1.78066692   3.14159265
  1.78066692   3.23976742
  1.73824441   3.28885481
  1.73824441   3.19068004
  1.69612416   3.23976742
  1.78066692   3.04341788
  1.73824441   3.09250527
  1.73824441   2.99433050
  1.69612416   3.04341788
  1.69612416   3.14159265
  1.65422641   3.19068004
  1.65422641   3.09250527
  1.61247506   3.14159265
  1.86676513   3.53429174
  1.82347658   3.58337912
  1.82347658   3.48520435
  1.78066692   3.53429174
  1.78066692   3.63246651
  1.73824441   3.68155389
  1.73824441   3.58337912
  1.69612416   3.63246651
  1.78066692   3.43611696
  1.73824441   3.48520435
  1.73824441   3.38702958
  1.69612416   3.43611696
  1.69612416   3.53429174
  1.65422641   3.58337912
  1.65422641   3.48520435
  1.61247506   3.53429174
  1.69612416   3.73064128
  1.65422641   3.77972866
  1.65422641   3.68155389
  1.61247506   3.73064128
  1.61247506   3.82881605
  1.57079633   3.87790343
  1.57079633   3.77972866
  1.52911759   3.82881605
  1.61247506   3.63246651
  1.57079633   3.68155389
  1.57079633   3.58337912
  1.52911759   3.63246651
  1.52911759   3.73064128
  1.48736624   3.77972866
  1.48736624   3.68155389
  1.44546850   3.73064128
  1.69612416   3.33794219
  1.65422641   3.38702958
  1.65422641   3.28885481
  1.61247506   3.33794219
  1.61247506   3.43611696
  1.57079633   3.48520435
  1.57079633   3.38702958
  1.52911759   3.43611696
  1.61247506   3.23976742
  1.57079633   3.28885481
  1.57079633   3.19068004
  1.52911759   3.23976742
  1.52911759   3.33794219
  1.48736624   3.38702958
  1.48736624   3.28885481
  1.44546850   3.33794219
  1.52911759   3.53429174
  1.48736624   3.58337912
  1.48736624   3.48520435
  1.44546850   3.53429174
  1.44546850   3.63246651
  1.40334825   3.68155389
  1.40334825   3.58337912
  1.36092573   3.63246651
  1.44546850   3.43611696
  1.40334825   3.48520435
  1.40334825   3.38702958
  1.36092573   3.43611696
  1.36092573   3.53429174
  1.31811607   3.58337912
  1.31811607   3.48520435
  1.27482752   3.53429174
  1.86676513   2.74889357
  1.82347658   2.79798096
  1.82347658   2.69980619
  1.78066692   2.74889357
  1.78066692   2.84706834
  1.73824441   2.89615573
  1.73824441   2.79798096
  1.69612416   2.84706834
  1.78066692   2.65071880
  1.73824441   2.69980619
  1.73824441   2.60163142
  1.69612416   2.65071880
  1.69612416   2.74889357
  1.65422641   2.79798096
  1.65422641   2.69980619
  1.61247506   2.74889357
  1.69612416   2.94524311
  1.65422641   2.99433050
  1.65422641   2.89615573
  1.61247506   2.94524311
  1.61247506   3.04341788
  1.57079633   3.09250527
  1.57079633   2.99433050
  1.52911759   3.04341788
  1.61247506   2.84706834
  1.57079633   2.89615573
  1.57079633   2.79798096
  1.52911759   2.84706834
  1.52911759   2.94524311
  1.48736624   2.99433050
  1.48736624   2.89615573
  1.44546850   2.94524311
  1.69612416   2.55254403
  1.65422641   2.60163142
  1.65422641   2.50345665
  1.61247506   2.55254403
  1.61247506   2.65071880
  1.57079633   2.69980619
  1.57079633   2.60163142
  1.52911759   2.65071880
  1.61247506   2.45436926
  1.57079633   2.50345665
  1.57079633   2.40528188
  1.52911759   2.45436926
  1.52911759   2.55254403
  1.48736624   2.60163142
  1.48736624   2.50345665
  1.44546850   2.55254403
  1.52911759   2.74889357
  1.48736624   2.79798096
  1.48736624   2.69980619
  1.44546850   2.74889357
  1.44546850   2.84706834
  1.40334825   2.89615573
  1.40334825   2.79798096
  1.36092573   2.84706834
  1.44546850   2.65071880
  1.40334825   2.69980619
  1.40334825   2.60163142
  1.36092573   2.65071880
  1.36092573   2.74889357
  1.31811607   2.79798096
  1.31811607   2.69980619
  1.27482752   2.74889357
  1.52911759   3.14159265
  1.48736624   3.19068004
  1.48736624   3.09250527
  1.44546850   3.14159265
  1.44546850   3.23976742
  1.40334825   3.28885481
  1.40334825   3.19068004
  1.36092573   3.23976742
  1.44546850   3.04341788
  1.40334825   3.09250527
  1.40334825   2.99433050
  1.36092573   3.04341788
  1.36092573   3.14159265
  1.31811607   3.19068004
  1.31811607   3.09250527
  1.27482752   3.14159265
  1.36092573   3.33794219
  1.31811607   3.38702958
  1.31811607   3.28885481
  1.27482752   3.33794219
  1.27482752   3.43611696
  1.23095942   3.48520435
  1.23095942   3.38702958
  1.18639955   3.43611696
  1.27482752   3.23976742
  1.23095942   3.28885481
  1.23095942   3.19068004
  1.18639955   3.23976742
  1.18639955   3.33794219
  1.14102090   3.38702958
  1.14102090   3.28885481
  1.09467727   3.33794219
  1.36092573   2.94524311
  1.31811607   2.99433050
  1.31811607   2.89615573
  1.27482752   2.94524311
  1.27482752   3.04341788
  1.23095942   3.09250527
  1.23095942   2.99433050
  1.18639955   3.04341788
  1.27482752   2.84706834
  1.23095942   2.89615573
  1.23095942   2.79798096
  1.18639955   2.84706834
  1.18639955   2.94524311
  1.14102090   2.99433050
  1.14102090   2.89615573
  1.09467727   2.94524311
  1.18639955   3.14159265
  1.14102090   3.19068004
  1.14102090   3.09250527
  1.09467727   3.14159265
  1.09467727   3.23976742
  1.04719755   3.28885481
  1.04719755   3.19068004
  0.99837775   3.23976742
  1.09467727   3.04341788
  1.04719755   3.09250527
  1.04719755   2.99433050
  0.99837775   3.04341788
  0.99837775   3.14159265
  0.94796974   3.19068004
  0.94796974   3.09250527
  0.89566479   3.14159265
  2.24592786   4.71238898
  2.19362291   4.76147637
  2.19362291   4.66330160
  2.14321490   4.71238898
  2.14321490   4.81056375
  2.09439510   4.85965114
  2.09439510   4.76147637
  2.04691539   4.81056375
  2.14321490   4.61421421
  2.09439510   4.66330160
  2.09439510   4.56512682
  2.04691539   4.61421421
  2.04691539   4.71238898
  2.00057176   4.76147637
  2.00057176   4.66330160
  1.95519310   4.71238898
  2.04691539   4.90873852
  2.00057176   4.95782591
  2.00057176   4.85965114
  1.95519310   4.90873852
  1.95519310   5.00691329
  1.91063324   5.05600068
  1.91063324   4.95782591
  1.86676513   5.00691329
  1.95519310   4.81056375
  1.91063324   4.85965114
  1.91063324   4.76147637
  1.86676513   4.81056375
  1.86676513   4.90873852
  1.82347658   4.95782591
  1.82347658   4.85965114
  1.78066692   4.90873852
  2.04691539   4.51603944
  2.00057176   4.56512682
  2.00057176   4.46695205
  1.95519310   4.51603944
  1.95519310   4.61421421
  1.91063324   4.66330160
  1.91063324   4.56512682
  1.86676513   4.61421421
  1.95519310   4.41786467
  1.91063324   4.46695205
  1.91063324   4.36877728
  1.86676513   4.41786467
  1.86676513   4.51603944
  1.82347658   4.56512682
  1.82347658   4.46695205
  1.78066692   4.51603944
  1.86676513   4.71238898
  1.82347658   4.76147637
  1.82347658   4.66330160
  1.78066692   4.71238898
  1.78066692   4.81056375
  1.73824441   4.85965114
  1.73824441   4.76147637
  1.69612416   4.81056375
  1.78066692   4.61421421
  1.73824441   4.66330160
  1.73824441   4.56512682
  1.69612416   4.61421421
  1.69612416   4.71238898
  1.65422641   4.76147637
  1.65422641   4.66330160
  1.61247506   4.71238898
  1.86676513   5.10508806
  1.82347658   5.15417545
  1.82347658   5.05600068
  1.78066692   5.10508806
  1.78066692   5.20326283
  1.73824441   5.25235022
  1.73824441   5.15417545
  1.69612416   5.20326283
  1.78066692   5.00691329
  1.73824441   5.05600068
  1.73824441   4.95782591
  1.69612416   5.00691329
  1.69612416   5.10508806
  1.65422641   5.15417545
  1.65422641   5.05600068
  1.61247506   5.10508806
  1.69612416   5.30143760
  1.65422641   5.35052499
  1.65422641   5.25235022
  1.61247506   5.30143760
  1.61247506   5.39961237
  1.57079633   5.44869976
  1.57079633   5.35052499
  1.52911759   5.39961237
  1.61247506   5.20326283
  1.57079633   5.25235022
  1.57079633   5.15417545
  1.52911759   5.20326283
  1.52911759   5.30143760
  1.48736624   5.35052499
  1.48736624   5.25235022
  1.44546850   5.30143760
  1.69612416   4.90873852
  1.65422641   4.95782591
  1.65422641   4.85965114
  1.61247506   4.90873852
  1.61247506   5.00691329
  1.57079633   5.05600068
  1.57079633   4.95782591
  1.52911759   5.00691329
  1.61247506   4.81056375
  1.57079633   4.85965114
  1.57079633   4.76147637
  1.52911759   4.81056375
  1.52911759   4.90873852
  1.48736624   4.95782591
  1.48736624   4.85965114
  1.44546850   4.90873852
  1.52911759   5.10508806
  1.48736624   5.15417545
  1.48736624   5.05600068
  1.44546850   5.10508806
  1.44546850   5.20326283
  1.40334825   5.25235022
  1.40334825   5.15417545
  1.36092573   5.20326283
  1.44546850   5.00691329
  1.40334825   5.05600068
  1.40334825   4.95782591
  1.36092573   5.00691329
  1.36092573   5.10508806
  1.31811607   5.15417545
  1.31811607   5.05600068
  1.27482752   5.10508806
  1.86676513   4.31968990
  1.82347658   4.36877728
  1.82347658   4.27060251
  1.78066692   4.31968990
  1.78066692   4.41786467
  1.73824441   4.46695205
  1.73824441   4.36877728
  1.69612416   4.41786467
  1.78066692   4.22151513
  1.73824441   4.27060251
  1.73824441   4.17242774
  1.69612416   4.22151513
  1.69612416   4.31968990
  1.65422641   4.36877728
  1.65422641   4.27060251
  1.61247506   4.31968990
  1.69612416   4.51603944
  1.65422641   4.56512682
  1.65422641   4.46695205
  1.61247506   4.51603944
  1.61247506   4.61421421
  1.57079633   4.66330160
  1.57079633   4.56512682
  1.52911759   4.61421421
  1.61247506   4.41786467
  1.57079633   4.46695205
  1.57079633   4.36877728
  1.52911759   4.41786467
  1.52911759   4.51603944
  1.48736624   4.56512682
  1.48736624   4.46695205
  1.44546850   4.51603944
  1.69612416   4.12334036
  1.65422641   4.17242774
  1.65422641   4.07425297
  1.61247506   4.12334036
  1.61247506   4.22151513
  1.57079633   4.27060251
  1.57079633   4.17242774
  1.52911759   4.22151513
  1.61247506   4.02516559
  1.57079633   4.07425297
  1.57079633   3.97607820
  1.52911759   4.02516559
  1.52911759   4.12334036
  1.48736624   4.17242774
  1.48736624   4.07425297
  1.44546850   4.12334036
  1.52911759   4.31968990
  1.48736624   4.36877728
  1.48736624   4.27060251
  1.44546850   4.31968990
  1.44546850   4.41786467
  1.40334825   4.46695205
  1.40334825   4.36877728
  1.36092573   4.41786467
  1.44546850   4.22151513
  1.40334825   4.27060251
  1.40334825   4.17242774
  1.36092573   4.22151513
  1.36092573   4.31968990
  1.31811607   4.36877728
  1.31811607   4.27060251
  1.27482752   4.31968990
  1.52911759   4.71238898
  1.48736624   4.76147637
  1.48736624   4.66330160
  1.44546850   4.71238898
  1.44546850   4.81056375
  1.40334825   4.85965114
  1.40334825   4.76147637
  1.36092573   4.81056375
  1.44546850   4.61421421
  1.40334825   4.66330160
  1.40334825   4.56512682
  1.36092573   4.61421421
  1.36092573   4.71238898
  1.31811607   4.76147637
  1.31811607   4.66330160
  1.27482752   4.71238898
  1.36092573   4.90873852
  1.31811607   4.95782591
  1.31811607   4.85965114
  1.27482752   4.90873852
  1.27482752   5.00691329
  1.23095942   5.05600068
  1.23095942   4.95782591
  1.18639955   5.00691329
  1.27482752   4.81056375
  1.23095942   4.85965114
  1.23095942   4.76147637
  1.18639955   4.81056375
  1.18639955   4.90873852
  1.14102090   4.95782591
  1.14102090   4.85965114
  1.09467727   4.90873852
  1.36092573   4.51603944
  1.31811607   4.56512682
  1.31811607   4.46695205
  1.27482752   4.51603944
  1.27482752   4.61421421
  1.23095942   4.66330160
  1.23095942   4.56512682
  1.18639955   4.61421421
  1.27482752   4.41786467
  1.23095942   4.46695205
  1.23095942   4.36877728
  1.18639955   4.41786467
  1.18639955   4.51603944
  1.14102090   4.56512682
  1.14102090   4.46695205
  1.09467727   4.51603944
  1.18639955   4.71238898
  1.14102090   4.76147637
  1.14102090   4.66330160
  1.09467727   4.71238898
  1.09467727   4.81056375
  1.04719755   4.85965114
  1.04719755   4.76147637
  0.99837775   4.81056375
  1.09467727   4.61421421
  1.04719755   4.66330160
  1.04719755   4.56512682
  0.99837775   4.61421421
  0.99837775   4.71238898
  0.94796974   4.76147637
  0.94796974   4.66330160
  0.89566479   4.71238898
  3.09055608   0.78539816
  3.03948623   1.17809725
  3.03948623   0.39269908
  2.98834964   0.78539816
  2.98834964   1.30899694
  2.93711245   1.37444679
  2.93711245   0.98174770
  2.88574020   1.09955743
  2.98834964   0.26179939
  2.93711245   0.58904862
  2.93711245   0.19634954
  2.88574020   0.47123890
  2.88574020   0.78539816
  2.83419760   0.91629786
  2.83419760   0.65449847
  2.78244834   0.78539816
  2.88574020   1.41371669
  2.83419760   1.43989663
  2.83419760   1.17809725
  2.78244834   1.23419711
  2.78244834   1.45859659
  2.73045479   1.47262156
  2.73045479   1.27627202
  2.67817778   1.30899694
  2.78244834   1.00979764
  2.73045479   1.07992247
  2.73045479   0.88357293
  2.67817778   0.95993109
  2.67817778   1.13446401
  2.62557627   1.17809725
  2.62557627   1.02101761
  2.57260700   1.07099750
  2.88574020   0.15707963
  2.83419760   0.39269908
  2.83419760   0.13089969
  2.78244834   0.33659921
  2.78244834   0.56099869
  2.73045479   0.68722339
  2.73045479   0.49087385
  2.67817778   0.61086524
  2.78244834   0.11219974
  2.73045479   0.29452431
  2.73045479   0.09817477
  2.67817778   0.26179939
  2.67817778   0.43633231
  2.62557627   0.54977871
  2.62557627   0.39269908
  2.57260700   0.49979883
  2.67817778   0.78539816
  2.62557627   0.86393798
  2.62557627   0.70685835
  2.57260700   0.78539816
  2.57260700   0.92819783
  2.51922417   0.98174770
  2.51922417   0.85084801
  2.46537892   0.90622865
  2.57260700   0.64259850
  2.51922417   0.71994832
  2.51922417   0.58904862
  2.46537892   0.66456768
  2.46537892   0.78539816
  2.41101891   0.84149803
  2.41101891   0.72929829
  2.35608768   0.78539816
  2.67817778   1.48352986
  2.62557627   1.49225651
  2.62557627   1.33517688
  2.57260700   1.35659683
  2.57260700   1.49939649
  2.51922417   1.50534648
  2.51922417   1.37444679
  2.46537892   1.38955060
  2.57260700   1.21379716
  2.51922417   1.24354709
  2.51922417   1.11264740
  2.46537892   1.14788962
  2.46537892   1.26872011
  2.41101891   1.29029698
  2.41101891   1.17809725
  2.35608768   1.20427718
  2.46537892   1.51038108
  2.41101891   1.51469646
  2.41101891   1.40249672
  2.35608768   1.41371669
  2.35608768   1.51843645
  2.30052398   1.52170894
  2.30052398   1.42353417
  2.24592786   1.47262156
  2.35608768   1.30899694
  2.30052398   1.32535940
  2.30052398   1.22718463
  2.24592786   1.27627202
  2.24592786   1.37444679
  2.19362291   1.42353417
  2.19362291   1.32535940
  2.14321490   1.37444679
  2.46537892   1.02705914
  2.41101891   1.06589751
  2.41101891   0.95369777
  2.35608768   0.99483767
  2.35608768   1.09955743
  2.30052398   1.12900986
  2.30052398   1.03083509
  2.24592786   1.07992247
  2.35608768   0.89011792
  2.30052398   0.93266032
  2.30052398   0.83448555
  2.24592786   0.88357293
  2.24592786   0.98174770
  2.19362291   1.03083509
  2.19362291   0.93266032
  2.14321490   0.98174770
  2.24592786   1.17809725
  2.19362291   1.22718463
  2.19362291   1.12900986
  2.14321490   1.17809725
  2.14321490   1.27627202
  2.09439510   1.32535940
  2.09439510   1.22718463
  2.04691539   1.27627202
  2.14321490   1.07992247
  2.09439510   1.12900986
  2.09439510   1.03083509
  2.04691539   1.07992247
  2.04691539   1.17809725
  2.00057176   1.22718463
  2.00057176   1.12900986
  1.95519310   1.17809725
  2.67817778   0.08726646
  2.62557627   0.23561945
  2.62557627   0.07853982
  2.57260700   0.21419950
  2.57260700   0.35699917
  2.51922417   0.45814893
  2.51922417   0.32724923
  2.46537892   0.42290670
  2.57260700   0.07139983
  2.51922417   0.19634954
  2.51922417   0.06544985
  2.46537892   0.18124573
  2.46537892   0.30207622
  2.41101891   0.39269908
  2.41101891   0.28049934
  2.35608768   0.36651914
  2.46537892   0.54373719
  2.41101891   0.61709856
  2.41101891   0.50489882
  2.35608768   0.57595865
  2.35608768   0.68067841
  2.30052398   0.73631078
  2.30052398   0.63813601
  2.24592786   0.68722339
  2.35608768   0.47123890
  2.30052398   0.53996124
  2.30052398   0.44178647
  2.24592786   0.49087385
  2.24592786   0.58904862
  2.19362291   0.63813601
  2.19362291   0.53996124
  2.14321490   0.58904862
  2.46537892   0.06041524
  2.41101891   0.16829961
  2.41101891   0.05609987
  2.35608768   0.15707963
  2.35608768   0.26179939
  2.30052398   0.34361170
  2.30052398   0.24543693
  2.24592786   0.29452431
  2.35608768   0.05235988
  2.30052398   0.14726216
  2.30052398   0.04908739
  2.24592786   0.09817477
  2.24592786   0.19634954
  2.19362291   0.24543693
  2.19362291   0.14726216
  2.14321490   0.19634954
  2.24592786   0.39269908
  2.19362291   0.44178647
  2.19362291   0.34361170
  2.14321490   0.39269908
  2.14321490   0.49087385
  2.09439510   0.53996124
  2.09439510   0.44178647
  2.04691539   0.49087385
  2.14321490   0.29452431
  2.09439510   0.34361170
  2.09439510   0.24543693
  2.04691539   0.29452431
  2.04691539   0.39269908
  2.00057176   0.44178647
  2.00057176   0.34361170
  1.95519310   0.39269908
  2.24592786   0.78539816
  2.19362291   0.83448555
  2.19362291   0.73631078
  2.14321490   0.78539816
  2.14321490   0.88357293
  2.09439510   0.93266032
  2.09439510   0.83448555
  2.04691539   0.88357293
  2.14321490   0.68722339
  2.09439510   0.73631078
  2.09439510   0.63813601
  2.04691539   0.68722339
  2.04691539   0.78539816
  2.00057176   0.83448555
  2.00057176   0.73631078
  1.95519310   0.78539816
  2.04691539   0.98174770
  2.00057176   1.03083509
  2.00057176   0.93266032
  1.95519310   0.98174770
  1.95519310   1.07992247
  1.91063324   1.12900986
  1.91063324   1.03083509
  1.86676513   1.07992247
  1.95519310   0.88357293
  1.91063324   0.93266032
  1.91063324   0.83448555
  1.86676513   0.88357293
  1.86676513   0.98174770
  1.82347658   1.03083509
  1.82347658   0.93266032
  1.78066692   0.98174770
  2.04691539   0.58904862
  2.00057176   0.63813601
  2.00057176   0.53996124
  1.95519310   0.58904862
  1.95519310   0.68722339
  1.91063324   0.73631078
  1.91063324   0.63813601
  1.86676513   0.68722339
  1.95519310   0.49087385
  1.91063324   0.53996124
  1.91063324   0.44178647
  1.86676513   0.49087385
  1.86676513   0.58904862
  1.82347658   0.63813601
  1.82347658   0.53996124
  1.78066692   0.58904862
  1.86676513   0.78539816
  1.82347658   0.83448555
  1.82347658   0.73631078
  1.78066692   0.78539816
  1.78066692   0.88357293
  1.73824441   0.93266032
  1.73824441   0.83448555
  1.69612416   0.88357293
  1.78066692   0.68722339
  1.73824441   0.73631078
  1.73824441   0.63813601
  1.69612416   0.68722339
  1.69612416   0.78539816
  1.65422641   0.83448555
  1.65422641   0.73631078
  1.61247506   0.78539816
  3.09055608   2.35619449
  3.03948623   2.74889357
  3.03948623   1.96349541
  2.98834964   2.35619449
  2.98834964   2.87979327
  2.93711245   2.94524311
  2.93711245   2.55254403
  2.88574020   2.67035376
  2.98834964   1.83259571
  2.93711245   2.15984495
  2.93711245   1.76714587
  2.88574020   2.04203522
  2.88574020   2.35619449
  2.83419760   2.48709418
  2.83419760   2.22529480
  2.78244834   2.35619449
  2.88574020   2.98451302
  2.83419760   3.01069296
  2.83419760   2.74889357
  2.78244834   2.80499344
  2.78244834   3.02939292
  2.73045479   3.04341788
  2.73045479   2.84706834
  2.67817778   2.87979327
  2.78244834   2.58059397
  2.73045479   2.65071880
  2.73045479   2.45436926
  2.67817778   2.53072742
  2.67817778   2.70526034
  2.62557627   2.74889357
  2.62557627   2.59181394
  2.57260700   2.64179382
  2.88574020   1.72787596
  2.83419760   1.96349541
  2.83419760   1.70169602
  2.78244834   1.90739554
  2.78244834   2.13179501
  2.73045479   2.25801972
  2.73045479   2.06167018
  2.67817778   2.18166156
  2.78244834   1.68299606
  2.73045479   1.86532064
  2.73045479   1.66897110
  2.67817778   1.83259571
  2.67817778   2.00712864
  2.62557627   2.12057504
  2.62557627   1.96349541
  2.57260700   2.07059516
  2.67817778   2.35619449
  2.62557627   2.43473431
  2.62557627   2.27765467
  2.57260700   2.35619449
  2.57260700   2.49899416
  2.51922417   2.55254403
  2.51922417   2.42164434
  2.46537892   2.47702498
  2.57260700   2.21339482
  2.51922417   2.29074464
  2.51922417   2.15984495
  2.46537892   2.23536400
  2.46537892   2.35619449
  2.41101891   2.41229436
  2.41101891   2.30009462
  2.35608768   2.35619449
  2.67817778   3.05432619
  2.62557627   3.06305284
  2.62557627   2.90597320
  2.57260700   2.92739315
  2.57260700   3.07019282
  2.51922417   3.07614281
  2.51922417   2.94524311
  2.46537892   2.96034692
  2.57260700   2.78459349
  2.51922417   2.81434342
  2.51922417   2.68344372
  2.46537892   2.71868595
  2.46537892   2.83951644
  2.41101891   2.86109331
  2.41101891   2.74889357
  2.35608768   2.77507351
  2.46537892   3.08117741
  2.41101891   3.08549278
  2.41101891   2.97329305
  2.35608768   2.98451302
  2.35608768   3.08923278
  2.30052398   3.09250527
  2.30052398   2.99433050
  2.24592786   3.04341788
  2.35608768   2.87979327
  2.30052398   2.89615573
  2.30052398   2.79798096
  2.24592786   2.84706834
  2.24592786   2.94524311
  2.19362291   2.99433050
  2.19362291   2.89615573
  2.14321490   2.94524311
  2.46537892   2.59785546
  2.41101891   2.63669383
  2.41101891   2.52449410
  2.35608768   2.56563400
  2.35608768   2.67035376
  2.30052398   2.69980619
  2.30052398   2.60163142
  2.24592786   2.65071880
  2.35608768   2.46091425
  2.30052398   2.50345665
  2.30052398   2.40528188
  2.24592786   2.45436926
  2.24592786   2.55254403
  2.19362291   2.60163142
  2.19362291   2.50345665
  2.14321490   2.55254403
  2.24592786   2.74889357
  2.19362291   2.79798096
  2.19362291   2.69980619
  2.14321490   2.74889357
  2.14321490   2.84706834
  2.09439510   2.89615573
  2.09439510   2.79798096
  2.04691539   2.84706834
  2.14321490   2.65071880
  2.09439510   2.69980619
  2.09439510   2.60163142
  2.04691539   2.65071880
  2.04691539   2.74889357
  2.00057176   2.79798096
  2.00057176   2.69980619
  1.95519310   2.74889357
  2.67817778   1.65806279
  2.62557627   1.80641578
  2.62557627   1.64933614
  2.57260700   1.78499583
  2.57260700   1.92779549
  2.51922417   2.02894526
  2.51922417   1.89804556
  2.46537892   1.99370303
  2.57260700   1.64219616
  2.51922417   1.76714587
  2.51922417   1.63624617
  2.46537892   1.75204206
  2.46537892   1.87287254
  2.41101891   1.96349541
  2.41101891   1.85129567
  2.35608768   1.93731547
  2.46537892   2.11453352
  2.41101891   2.18789488
  2.41101891   2.07569515
  2.35608768   2.14675498
  2.35608768   2.25147474
  2.30052398   2.30710710
  2.30052398   2.20893233
  2.24592786   2.25801972
  2.35608768   2.04203522
  2.30052398   2.11075756
  2.30052398   2.01258279
  2.24592786   2.06167018
  2.24592786   2.15984495
  2.19362291   2.20893233
  2.19362291   2.11075756
  2.14321490   2.15984495
  2.46537892   1.63121157
  2.41101891   1.73909593
  2.41101891   1.62689620
  2.35608768   1.72787596
  2.35608768   1.83259571
  2.30052398   1.91440802
  2.30052398   1.81623325
  2.24592786   1.86532064
  2.35608768   1.62315620
  2.30052398   1.71805848
  2.30052398   1.61988371
  2.24592786   1.66897110
  2.24592786   1.76714587
  2.19362291   1.81623325
  2.19362291   1.71805848
  2.14321490   1.76714587
  2.24592786   1.96349541
  2.19362291   2.01258279
  2.19362291   1.91440802
  2.14321490   1.96349541
  2.14321490   2.06167018
  2.09439510   2.11075756
  2.09439510   2.01258279
  2.04691539   2.06167018
  2.14321490   1.86532064
  2.09439510   1.91440802
  2.09439510   1.81623325
  2.04691539   1.86532064
  2.04691539   1.96349541
  2.00057176   2.01258279
  2.00057176   1.91440802
  1.95519310   1.96349541
  2.24592786   2.35619449
  2.19362291   2.40528188
  2.19362291   2.30710710
  2.14321490   2.35619449
  2.14321490   2.45436926
  2.09439510   2.50345665
  2.09439510   2.40528188
  2.04691539   2.45436926
  2.14321490   2.25801972
  2.09439510   2.30710710
  2.09439510   2.20893233
  2.04691539   2.25801972
  2.04691539   2.35619449
  2.00057176   2.40528188
  2.00057176   2.30710710
  1.95519310   2.35619449
  2.04691539   2.55254403
  2.00057176   2.60163142
  2.00057176   2.50345665
  1.95519310   2.55254403
  1.95519310   2.65071880
  1.91063324   2.69980619
  1.91063324   2.60163142
  1.86676513   2.65071880
  1.95519310   2.45436926
  1.91063324   2.50345665
  1.91063324   2.40528188
  1.86676513   2.45436926
  1.86676513   2.55254403
  1.82347658   2.60163142
  1.82347658   2.50345665
  1.78066692   2.55254403
  2.04691539   2.15984495
  2.00057176   2.20893233
  2.00057176   2.11075756
  1.95519310   2.15984495
  1.95519310   2.25801972
  1.91063324   2.30710710
  1.91063324   2.20893233
  1.86676513   2.25801972
  1.95519310   2.06167018
  1.91063324   2.11075756
  1.91063324   2.01258279
  1.86676513   2.06167018
  1.86676513   2.15984495
  1.82347658   2.20893233
  1.82347658   2.11075756
  1.78066692   2.15984495
  1.86676513   2.35619449
  1.82347658   2.40528188
  1.82347658   2.30710710
  1.78066692   2.35619449
  1.78066692   2.45436926
  1.73824441   2.50345665
  1.73824441   2.40528188
  1.69612416   2.45436926
  1.78066692   2.25801972
  1.73824441   2.30710710
  1.73824441   2.20893233
  1.69612416   2.25801972
  1.69612416   2.35619449
  1.65422641   2.40528188
  1.65422641   2.30710710
  1.61247506   2.35619449
  3.09055608   3.92699082
  3.03948623   4.31968990
  3.03948623   3.53429174
  2.98834964   3.92699082
  2.98834964   4.45058959
  2.93711245   4.51603944
  2.93711245   4.12334036
  2.88574020   4.24115008
  2.98834964   3.40339204
  2.93711245   3.73064128
  2.93711245   3.33794219
  2.88574020   3.61283155
  2.88574020   3.92699082
  2.83419760   4.05789051
  2.83419760   3.79609112
  2.78244834   3.92699082
  2.88574020   4.55530935
  2.83419760   4.58148929
  2.83419760   4.31968990
  2.78244834   4.37578977
  2.78244834   4.60018924
  2.73045479   4.61421421
  2.73045479   4.41786467
  2.67817778   4.45058959
  2.78244834   4.15139029
  2.73045479   4.22151513
  2.73045479   4.02516559
  2.67817778   4.10152374
  2.67817778   4.27605667
  2.62557627   4.31968990
  2.62557627   4.16261027
  2.57260700   4.21259015
  2.88574020   3.29867229
  2.83419760   3.53429174
  2.83419760   3.27249235
  2.78244834   3.47819187
  2.78244834   3.70259134
  2.73045479   3.82881605
  2.73045479   3.63246651
  2.67817778   3.75245789
  2.78244834   3.25379239
  2.73045479   3.43611696
  2.73045479   3.23976742
  2.67817778   3.40339204
  2.67817778   3.57792497
  2.62557627   3.69137137
  2.62557627   3.53429174
  2.57260700   3.64139148
  2.67817778   3.92699082
  2.62557627   4.00553063
  2.62557627   3.84845100
  2.57260700   3.92699082
  2.57260700   4.06979048
  2.51922417   4.12334036
  2.51922417   3.99244066
  2.46537892   4.04782130
  2.57260700   3.78419115
  2.51922417   3.86154097
  2.51922417   3.73064128
  2.46537892   3.80616033
  2.46537892   3.92699082
  2.41101891   3.98309069
  2.41101891   3.87089095
  2.35608768   3.92699082
  2.67817778   4.62512252
  2.62557627   4.63384916
  2.62557627   4.47676953
  2.57260700   4.49818948
  2.57260700   4.64098915
  2.51922417   4.64693913
  2.51922417   4.51603944
  2.46537892   4.53114325
  2.57260700   4.35538982
  2.51922417   4.38513975
  2.51922417   4.25424005
  2.46537892   4.28948228
  2.46537892   4.41031276
  2.41101891   4.43188964
  2.41101891   4.31968990
  2.35608768   4.34586984
  2.46537892   4.65197374
  2.41101891   4.65628911
  2.41101891   4.54408937
  2.35608768   4.55530935
  2.35608768   4.66002910
  2.30052398   4.66330160
  2.30052398   4.56512682
  2.24592786   4.61421421
  2.35608768   4.45058959
  2.30052398   4.46695205
  2.30052398   4.36877728
  2.24592786   4.41786467
  2.24592786   4.51603944
  2.19362291   4.56512682
  2.19362291   4.46695205
  2.14321490   4.51603944
  2.46537892   4.16865179
  2.41101891   4.20749016
  2.41101891   4.09529042
  2.35608768   4.13643033
  2.35608768   4.24115008
  2.30052398   4.27060251
  2.30052398   4.17242774
  2.24592786   4.22151513
  2.35608768   4.03171057
  2.30052398   4.07425297
  2.30052398   3.97607820
  2.24592786   4.02516559
  2.24592786   4.12334036
  2.19362291   4.17242774
  2.19362291   4.07425297
  2.14321490   4.12334036
  2.24592786   4.31968990
  2.19362291   4.36877728
  2.19362291   4.27060251
  2.14321490   4.31968990
  2.14321490   4.41786467
  2.09439510   4.46695205
  2.09439510   4.36877728
  2.04691539   4.41786467
  2.14321490   4.22151513
  2.09439510   4.27060251
  2.09439510   4.17242774
  2.04691539   4.22151513
  2.04691539   4.31968990
  2.00057176   4.36877728
  2.00057176   4.27060251
  1.95519310   4.31968990
  2.67817778   3.22885912
  2.62557627   3.37721210
  2.62557627   3.22013247
  2.57260700   3.35579215
  2.57260700   3.49859182
  2.51922417   3.59974158
  2.51922417   3.46884189
  2.46537892   3.56449936
  2.57260700   3.21299249
  2.51922417   3.33794219
  2.51922417   3.20704250
  2.46537892   3.32283838
  2.46537892   3.44366887
  2.41101891   3.53429174
  2.41101891   3.42209200
  2.35608768   3.50811180
  2.46537892   3.68532984
  2.41101891   3.75869121
  2.41101891   3.64649147
  2.35608768   3.71755131
  2.35608768   3.82227106
  2.30052398   3.87790343
  2.30052398   3.77972866
  2.24592786   3.82881605
  2.35608768   3.61283155
  2.30052398   3.68155389
  2.30052398   3.58337912
  2.24592786   3.63246651
  2.24592786   3.73064128
  2.19362291   3.77972866
  2.19362291   3.68155389
  2.14321490   3.73064128
  2.46537892   3.20200790
  2.41101891   3.30989226
  2.41101891   3.19769252
  2.35608768   3.29867229
  2.35608768   3.40339204
  2.30052398   3.48520435
  2.30052398   3.38702958
  2.24592786   3.43611696
  2.35608768   3.19395253
  2.30052398   3.28885481
  2.30052398   3.19068004
  2.24592786   3.23976742
  2.24592786   3.33794219
  2.19362291   3.38702958
  2.19362291   3.28885481
  2.14321490   3.33794219
  2.24592786   3.53429174
  2.19362291   3.58337912
  2.19362291   3.48520435
  2.14321490   3.53429174
  2.14321490   3.63246651
  2.09439510   3.68155389
  2.09439510   3.58337912
  2.04691539   3.63246651
  2.14321490   3.43611696
  2.09439510   3.48520435
  2.09439510   3.38702958
  2.04691539   3.43611696
  2.04691539   3.53429174
  2.00057176   3.58337912
  2.00057176   3.48520435
  1.95519310   3.53429174
  2.24592786   3.92699082
  2.19362291   3.97607820
  2.19362291   3.87790343
  2.14321490   3.92699082
  2.14321490   4.02516559
  2.09439510   4.07425297
  2.09439510   3.97607820
  2.04691539   4.02516559
  2.14321490   3.82881605
  2.09439510   3.87790343
  2.09439510   3.77972866
  2.04691539   3.82881605
  2.04691539   3.92699082
  2.00057176   3.97607820
  2.00057176   3.87790343
  1.95519310   3.92699082
  2.04691539   4.12334036
  2.00057176   4.17242774
  2.00057176   4.07425297
  1.95519310   4.12334036
  1.95519310   4.22151513
  1.91063324   4.27060251
  1.91063324   4.17242774
  1.86676513   4.22151513
  1.95519310   4.02516559
  1.91063324   4.07425297
  1.91063324   3.97607820
  1.86676513   4.02516559
  1.86676513   4.12334036
  1.82347658   4.17242774
  1.82347658   4.07425297
  1.78066692   4.12334036
  2.04691539   3.73064128
  2.00057176   3.77972866
  2.00057176   3.68155389
  1.95519310   3.73064128
  1.95519310   3.82881605
  1.91063324   3.87790343
  1.91063324   3.77972866
  1.86676513   3.82881605
  1.95519310   3.63246651
  1.91063324   3.68155389
  1.91063324   3.58337912
  1.86676513   3.63246651
  1.86676513   3.73064128
  1.82347658   3.77972866
  1.82347658   3.68155389
  1.78066692   3.73064128
  1.86676513   3.92699082
  1.82347658   3.97607820
  1.82347658   3.87790343
  1.78066692   3.92699082
  1.78066692   4.02516559
  1.73824441   4.07425297
  1.73824441   3.97607820
  1.69612416   4.02516559
  1.78066692   3.82881605
  1.73824441   3.87790343
  1.73824441   3.77972866
  1.69612416   3.82881605
  1.69612416   3.92699082
  1.65422641   3.97607820
  1.65422641   3.87790343
  1.61247506   3.92699082
  3.09055608   5.49778714
  3.03948623   5.89048623
  3.03948623   5.10508806
  2.98834964   5.49778714
  2.98834964   6.02138592
  2.93711245   6.08683577
  2.93711245   5.69413668
  2.88574020   5.81194641
  2.98834964   4.97418837
  2.93711245   5.30143760
  2.93711245   4.90873852
  2.88574020   5.18362788
  2.88574020   5.49778714
  2.83419760   5.62868684
  2.83419760   5.36688745
  2.78244834   5.49778714
  2.88574020   6.12610567
  2.83419760   6.15228561
  2.83419760   5.89048623
  2.78244834   5.94658609
  2.78244834   6.17098557
  2.73045479   6.18501054
  2.73045479   5.98866100
  2.67817778   6.02138592
  2.78244834   5.72218662
  2.73045479   5.79231146
  2.73045479   5.59596191
  2.67817778   5.67232007
  2.67817778   5.84685299
  2.62557627   5.89048623
  2.62557627   5.73340659
  2.57260700   5.78338648
  2.88574020   4.86946861
  2.83419760   5.10508806
  2.83419760   4.84328867
  2.78244834   5.04898819
  2.78244834   5.27338767
  2.73045479   5.39961237
  2.73045479   5.20326283
  2.67817778   5.32325422
  2.78244834   4.82458872
  2.73045479   5.00691329
  2.73045479   4.81056375
  2.67817778   4.97418837
  2.67817778   5.14872129
  2.62557627   5.26216769
  2.62557627   5.10508806
  2.57260700   5.21218781
  2.67817778   5.49778714
  2.62557627   5.57632696
  2.62557627   5.41924733
  2.57260700   5.49778714
  2.57260700   5.64058681
  2.51922417   5.69413668
  2.51922417   5.56323699
  2.46537892   5.61861763
  2.57260700   5.35498748
  2.51922417   5.43233730
  2.51922417   5.30143760
  2.46537892   5.37695666
  2.46537892   5.49778714
  2.41101891   5.55388701
  2.41101891   5.44168727
  2.35608768   5.49778714
  2.67817778   6.19591884
  2.62557627   6.20464549
  2.62557627   6.04756586
  2.57260700   6.06898581
  2.57260700   6.21178547
  2.51922417   6.21773546
  2.51922417   6.08683577
  2.46537892   6.10193958
  2.57260700   5.92618614
  2.51922417   5.95593607
  2.51922417   5.82503638
  2.46537892   5.86027860
  2.46537892   5.98110909
  2.41101891   6.00268596
  2.41101891   5.89048623
  2.35608768   5.91666616
  2.46537892   6.22277006
  2.41101891   6.22708544
  2.41101891   6.11488570
  2.35608768   6.12610567
  2.35608768   6.23082543
  2.30052398   6.23409792
  2.30052398   6.13592315
  2.24592786   6.18501054
  2.35608768   6.02138592
  2.30052398   6.03774838
  2.30052398   5.93957361
  2.24592786   5.98866100
  2.24592786   6.08683577
  2.19362291   6.13592315
  2.19362291   6.03774838
  2.14321490   6.08683577
  2.46537892   5.73944812
  2.41101891   5.77828649
  2.41101891   5.66608675
  2.35608768   5.70722665
  2.35608768   5.81194641
  2.30052398   5.84139884
  2.30052398   5.74322407
  2.24592786   5.79231146
  2.35608768   5.60250690
  2.30052398   5.64504930
  2.30052398   5.54687453
  2.24592786   5.59596191
  2.24592786   5.69413668
  2.19362291   5.74322407
  2.19362291   5.64504930
  2.14321490   5.69413668
  2.24592786   5.89048623
  2.19362291   5.93957361
  2.19362291   5.84139884
  2.14321490   5.89048623
  2.14321490   5.98866100
  2.09439510   6.03774838
  2.09439510   5.93957361
  2.04691539   5.98866100
  2.14321490   5.79231146
  2.09439510   5.84139884
  2.09439510   5.74322407
  2.04691539   5.79231146
  2.04691539   5.89048623
  2.00057176   5.93957361
  2.00057176   5.84139884
  1.95519310   5.89048623
  2.67817778   4.79965544
  2.62557627   4.94800843
  2.62557627   4.79092880
  2.57260700   4.92658848
  2.57260700   5.06938815
  2.51922417   5.17053791
  2.51922417   5.03963822
  2.46537892   5.13529568
  2.57260700   4.78378881
  2.51922417   4.90873852
  2.51922417   4.77783883
  2.46537892   4.89363471
  2.46537892   5.01446520
  2.41101891   5.10508806
  2.41101891   4.99288832
  2.35608768   5.07890812
  2.46537892   5.25612617
  2.41101891   5.32948754
  2.41101891   5.21728780
  2.35608768   5.28834763
  2.35608768   5.39306739
  2.30052398   5.44869976
  2.30052398   5.35052499
  2.24592786   5.39961237
  2.35608768   5.18362788
  2.30052398   5.25235022
  2.30052398   5.15417545
  2.24592786   5.20326283
  2.24592786   5.30143760
  2.19362291   5.35052499
  2.19362291   5.25235022
  2.14321490   5.30143760
  2.46537892   4.77280422
  2.41101891   4.88068859
  2.41101891   4.76848885
  2.35608768   4.86946861
  2.35608768   4.97418837
  2.30052398   5.05600068
  2.30052398   4.95782591
  2.24592786   5.00691329
  2.35608768   4.76474886
  2.30052398   4.85965114
  2.30052398   4.76147637
  2.24592786   4.81056375
  2.24592786   4.90873852
  2.19362291   4.95782591
  2.19362291   4.85965114
  2.14321490   4.90873852
  2.24592786   5.10508806
  2.19362291   5.15417545
  2.19362291   5.05600068
  2.14321490   5.10508806
  2.14321490   5.20326283
  2.09439510   5.25235022
  2.09439510   5.15417545
  2.04691539   5.20326283
  2.14321490   5.00691329
  2.09439510   5.05600068
  2.09439510   4.95782591
  2.04691539   5.00691329
  2.04691539   5.10508806
  2.00057176   5.15417545
  2.00057176   5.05600068
  1.95519310   5.10508806
  2.24592786   5.49778714
  2.19362291   5.54687453
  2.19362291   5.44869976
  2.14321490   5.49778714
  2.14321490   5.59596191
  2.09439510   5.64504930
  2.09439510   5.54687453
  2.04691539   5.59596191
  2.14321490   5.39961237
  2.09439510   5.44869976
  2.09439510   5.35052499
  2.04691539   5.39961237
  2.04691539   5.49778714
  2.00057176   5.54687453
  2.00057176   5.44869976
  1.95519310   5.49778714
  2.04691539   5.69413668
  2.00057176   5.74322407
  2.00057176   5.64504930
  1.95519310   5.69413668
  1.95519310   5.79231146
  1.91063324   5.84139884
  1.91063324   5.74322407
  1.86676513   5.79231146
  1.95519310   5.59596191
  1.91063324   5.64504930
  1.91063324   5.54687453
  1.86676513   5.59596191
  1.86676513   5.69413668
  1.82347658   5.74322407
  1.82347658   5.64504930
  1.78066692   5.69413668
  2.04691539   5.30143760
  2.00057176   5.35052499
  2.00057176   5.25235022
  1.95519310   5.30143760
  1.95519310   5.39961237
  1.91063324   5.44869976
  1.91063324   5.35052499
  1.86676513   5.39961237
  1.95519310   5.20326283
  1.91063324   5.25235022
  1.91063324   5.15417545
  1.86676513   5.20326283
  1.86676513   5.30143760
  1.82347658   5.35052499
  1.82347658   5.25235022
  1.78066692   5.30143760
  1.86676513   5.49778714
  1.82347658   5.54687453
  1.82347658   5.44869976
  1.78066692   5.49778714
  1.78066692   5.59596191
  1.73824441   5.64504930
  1.73824441   5.54687453
  1.69612416   5.59596191
  1.78066692   5.39961237
  1.73824441   5.44869976
  1.73824441   5.35052499
  1.69612416   5.39961237
  1.69612416   5.49778714
  1.65422641   5.54687453
  1.65422641   5.44869976
  1.61247506   5.49778714
