1	-0.120316
1.49988	-0.117087
1.99976	-0.112599
2.49963	-0.106884
2.99951	-0.099981
3.49939	-0.0919396
3.99927	-0.0828162
4.49915	-0.0726752
4.99902	-0.061588
5.4989	-0.0496326
5.99878	-0.0368933
6.49866	-0.0234597
6.99853	-0.00942632
7.49841	0.00510823
7.99829	0.0200418
8.49817	0.0352696
8.99805	0.0506847
9.49792	0.066179
9.9978	0.0816439
10.4977	0.0969713
10.9976	0.112054
11.4974	0.126786
11.9973	0.141066
12.4972	0.154792
12.9971	0.167871
13.4969	0.180211
13.9968	0.191726
14.4967	0.202336
14.9966	0.211968
15.4965	0.220556
15.9963	0.228041
16.4962	0.23437
16.9961	0.239502
17.496	0.2434
17.9958	0.246038
18.4957	0.2474
18.9956	0.247475
19.4955	0.246265
19.9954	0.243778
20.4952	0.240032
20.9951	0.235053
21.495	0.228876
21.9949	0.221543
22.4947	0.213104
22.9946	0.203618
23.4945	0.193149
23.9944	0.181768
24.4943	0.169552
24.9941	0.156584
25.494	0.142949
25.9939	0.128738
26.4938	0.114047
26.9937	0.0989725
27.4935	0.0836127
27.9934	0.0680683
28.4933	0.0524401
28.9932	0.0368287
29.493	0.0213339
29.9929	0.00605393
30.4928	-0.00891529
30.9927	-0.0234807
31.4926	-0.0375529
31.9924	-0.0510466
32.4923	-0.0638813
32.9922	-0.0759817
33.4921	-0.0872784
33.9919	-0.0977083
34.4918	-0.107215
34.9917	-0.115748
35.4916	-0.123266
35.9915	-0.129734
36.4913	-0.135126
36.9912	-0.13942
37.4911	-0.142608
37.991	-0.144684
38.4908	-0.145655
38.9907	-0.145531
39.4906	-0.144333
39.9905	-0.142088
40.4904	-0.13883
40.9902	-0.134602
41.4901	-0.129449
41.99	-0.123427
42.4899	-0.116594
42.9897	-0.109014
43.4896	-0.100757
43.9895	-0.091895
44.4894	-0.0825043
44.9893	-0.0726642
45.4891	-0.0624559
45.989	-0.0519623
46.4889	-0.0412672
46.9888	-0.0304549
47.4886	-0.0196091
47.9885	-0.00881282
48.4884	0.00185258
48.9883	0.0123078
49.4882	0.0224764
49.988	0.0322849
50.4879	0.0416638
50.9878	0.0505478
51.4877	0.0588761
51.9875	0.0665932
52.4874	0.073649
52.9873	0.079999
53.4872	0.085605
53.9871	0.0904347
54.4869	0.0944625
54.9868	0.0976693
55.4867	0.100042
55.9866	0.101576
56.4864	0.102271
56.9863	0.102134
57.4862	0.101179
57.9861	0.0994256
58.486	0.0968996
58.9858	0.0936324
59.4857	0.0896608
59.9856	0.0850267
60.4855	0.0797765
60.9853	0.073961
61.4852	0.0676346
61.9851	0.0608554
62.485	0.0536838
62.9849	0.0461829
63.4847	0.0384175
63.9846	0.0304536
64.4845	0.022358
64.9844	0.0141976
65.4842	0.00603914
65.9841	-0.00205169
66.484	-0.0100105
66.9839	-0.0177746
67.4838	-0.025284
67.9836	-0.0324811
68.4835	-0.0393118
68.9834	-0.0457254
69.4833	-0.0516754
69.9832	-0.0571195
70.483	-0.0620198
70.9829	-0.0663435
71.4828	-0.0700628
71.9827	-0.0731549
72.4825	-0.0756026
72.9824	-0.0773941
73.4823	-0.0785227
73.9822	-0.0789877
74.4821	-0.0787933
74.9819	-0.0779493
75.4818	-0.0764705
75.9817	-0.0743768
76.4816	-0.0716928
76.9814	-0.0684476
77.4813	-0.0646747
77.9812	-0.0604113
78.4811	-0.0556983
78.981	-0.0505799
79.4808	-0.0451029
79.9807	-0.0393167
80.4806	-0.0332726
80.9805	-0.0270234
81.4803	-0.020623
81.9802	-0.0141262
82.4801	-0.00758766
82.98	-0.00106196
83.4799	0.00539705
83.9797	0.0117366
84.4796	0.0179056
84.9795	0.0238548
85.4794	0.0295371
85.9792	0.0349085
86.4791	0.0399278
86.979	0.044557
87.4789	0.048762
87.9788	0.0525124
88.4786	0.0557817
88.9785	0.058548
89.4784	0.0607935
89.9783	0.0625051
90.4781	0.063674
90.978	0.0642962
91.4779	0.0643721
91.9778	0.0639069
92.4777	0.0629098
92.9775	0.0613947
93.4774	0.0593795
93.9773	0.056886
94.4772	0.0539399
94.977	0.0505705
95.4769	0.04681
95.9768	0.0426937
96.4767	0.0382598
96.9766	0.0335483
97.4764	0.0286014
97.9763	0.0234629
98.4762	0.0181776
98.9761	0.0127912
99.4759	0.00734994
99.9758	0.00189985
100.476	-0.00351325
100.976	-0.00884431
101.475	-0.0140494
101.975	-0.0190859
102.475	-0.0239133
102.975	-0.0284928
103.475	-0.0327884
103.975	-0.0367665
104.475	-0.0403967
104.975	-0.0436516
105.474	-0.0465073
105.974	-0.0489433
106.474	-0.050943
106.974	-0.0524935
107.474	-0.0535857
107.974	-0.0542146
108.474	-0.0543789
108.974	-0.0540814
109.474	-0.0533287
109.973	-0.0521311
110.473	-0.0505025
110.973	-0.0484606
111.473	-0.046026
111.973	-0.0432227
112.473	-0.0400775
112.973	-0.0366199
113.473	-0.0328817
113.972	-0.0288969
114.472	-0.0247013
114.972	-0.0203319
115.472	-0.0158272
115.972	-0.0112264
116.472	-0.00656914
116.972	-0.00189528
117.472	0.00275556
117.971	0.00734421
118.471	0.0118324
118.971	0.016183
119.471	0.0203602
119.971	0.0243303
120.471	0.0280611
120.971	0.0315231
121.471	0.0346891
121.97	0.0375347
122.47	0.0400383
122.97	0.0421814
123.47	0.0439486
123.97	0.045328
124.47	0.0463109
124.97	0.0468921
125.47	0.0470697
125.969	0.0468453
126.469	0.0462241
126.969	0.0452141
127.469	0.0438271
127.969	0.0420777
128.469	0.0399833
128.969	0.0375645
129.469	0.0348442
129.968	0.0318477
130.468	0.0286025
130.968	0.0251381
131.468	0.0214855
131.968	0.0176771
132.468	0.0137464
132.968	0.00972771
133.468	0.00565579
133.968	0.00156563
134.467	-0.00250787
134.967	-0.00653021
135.467	-0.0104676
135.967	-0.0142871
136.467	-0.0179571
136.967	-0.0214475
137.467	-0.0247299
137.967	-0.0277778
138.466	-0.030567
138.966	-0.0330755
139.466	-0.035284
139.966	-0.0371758
140.466	-0.038737
140.966	-0.0399566
141.466	-0.0408266
141.966	-0.0413419
142.465	-0.0415007
142.965	-0.0413041
143.465	-0.040756
143.965	-0.0398637
144.465	-0.038637
144.965	-0.0370886
145.465	-0.035234
145.965	-0.0330909
146.464	-0.0306796
146.964	-0.0280223
147.464	-0.0251435
147.964	-0.022069
148.464	-0.0188265
148.964	-0.0154446
149.464	-0.011953
149.964	-0.00838241
150.463	-0.00476363
150.963	-0.00112788
151.463	0.00249372
151.963	0.00607038
152.463	0.00957185
152.963	0.0129688
153.463	0.0162328
153.963	0.019337
154.463	0.0222557
154.962	0.0249655
155.462	0.0274443
155.962	0.0296725
156.462	0.0316326
156.962	0.0333097
157.462	0.0346911
157.962	0.0357668
158.462	0.0365297
158.961	0.0369751
159.461	0.0371012
159.961	0.0369089
160.461	0.0364017
160.961	0.0355859
161.461	0.0344704
161.961	0.0330665
162.461	0.031388
162.96	0.0294508
163.46	0.0272731
163.96	0.0248749
164.46	0.0222781
164.96	0.0195061
165.46	0.0165835
165.96	0.0135362
166.46	0.0103911
166.959	0.00717559
167.459	0.00391761
167.959	0.000645243
168.459	-0.00261343
168.959	-0.00583061
169.459	-0.00897905
169.959	-0.0120322
170.459	-0.0149645
170.958	-0.0177515
171.458	-0.0203703
171.958	-0.0227995
172.458	-0.0250192
172.958	-0.0270117
173.458	-0.0287614
173.958	-0.0302544
174.458	-0.0314796
174.958	-0.032428
175.457	-0.033093
175.957	-0.0334704
176.457	-0.0335588
176.957	-0.0333589
177.457	-0.032874
177.957	-0.0321099
178.457	-0.0310747
178.957	-0.0297787
179.456	-0.0282344
179.956	-0.0264565
180.456	-0.0244615
180.956	-0.0222676
181.456	-0.0198946
181.956	-0.017364
182.456	-0.0146982
182.956	-0.0119208
183.455	-0.00905619
183.955	-0.00612937
184.455	-0.00316575
184.955	-0.000190924
185.455	0.00276956
185.955	0.0056904
186.455	0.00854679
186.955	0.0113146
187.454	0.0139705
187.954	0.0164924
188.454	0.0188594
188.954	0.021052
189.454	0.0230523
189.954	0.0248441
190.454	0.0264132
190.954	0.0277473
191.453	0.0288362
191.953	0.0296717
192.453	0.0302481
192.953	0.0305616
193.453	0.030611
193.953	0.0303972
194.453	0.0299234
194.953	0.0291949
195.453	0.0282193
195.952	0.0270062
196.452	0.0255672
196.952	0.0239157
197.452	0.0220671
197.952	0.0200381
198.452	0.0178471
198.952	0.0155136
199.452	0.0130584
199.951	0.0105031
200.451	0.00787025
200.951	0.00518271
201.451	0.00246384
201.951	-0.000262871
202.451	-0.00297399
202.951	-0.00564633
203.451	-0.00825713
203.95	-0.0107843
204.45	-0.0132066
204.95	-0.0155036
205.45	-0.0176563
205.95	-0.019647
206.45	-0.0214592
206.95	-0.0230783
207.45	-0.0244913
207.949	-0.0256871
208.449	-0.0266564
208.949	-0.027392
209.449	-0.0278887
209.949	-0.0281433
210.449	-0.0281548
210.949	-0.0279242
211.449	-0.0274547
211.948	-0.0267513
212.448	-0.0258213
212.948	-0.0246737
213.448	-0.0233193
213.948	-0.0217707
214.448	-0.0200422
214.948	-0.0181493
215.448	-0.0161092
215.947	-0.01394
216.447	-0.0116609
216.947	-0.00929203
217.447	-0.00685415
217.947	-0.00436851
218.447	-0.00185668
218.947	0.000659639
219.447	0.00315882
219.947	0.00561945
220.446	0.00802058
220.946	0.0103418
221.446	0.0125636
221.946	0.0146673
222.446	0.0166353
222.946	0.0184514
223.446	0.0201006
223.946	0.0215694
224.445	0.0228461
224.945	0.0239205
225.445	0.0247842
225.945	0.0254309
226.445	0.0258558
226.945	0.0260563
227.445	0.0260316
227.945	0.025783
228.444	0.0253135
228.944	0.0246282
229.444	0.0237338
229.944	0.022639
230.444	0.021354
230.944	0.0198907
231.444	0.0182625
231.944	0.016484
232.443	0.0145711
232.943	0.012541
233.443	0.0104116
233.943	0.00820147
234.443	0.00593013
234.943	0.0036173
235.443	0.00128306
235.943	-0.00105242
236.442	-0.00336907
236.942	-0.00564703
237.442	-0.00786688
237.942	-0.0100098
238.442	-0.0120576
238.942	-0.0139931
239.442	-0.0158002
239.942	-0.0174637
240.442	-0.0189701
240.941	-0.020307
241.441	-0.0214635
241.941	-0.0224306
242.441	-0.0232006
242.941	-0.0237677
243.441	-0.0241278
243.941	-0.0242788
244.441	-0.0242202
244.94	-0.0239532
245.44	-0.0234812
245.94	-0.0228089
246.44	-0.0219429
246.94	-0.0208915
247.44	-0.0196645
247.94	-0.0182731
248.44	-0.0167299
248.939	-0.0150489
249.439	-0.013245
249.939	-0.0113344
250.439	-0.00933369
250.939	-0.00726064
251.439	-0.00513331
251.939	-0.00297024
252.439	-0.000790177
252.938	0.00138805
253.438	0.0035457
253.938	0.00566429
254.438	0.00772573
254.938	0.0097125
255.438	0.0116078
255.938	0.0133957
256.438	0.0150611
256.937	0.0165903
257.437	0.0179706
257.937	0.0191906
258.437	0.0202406
258.937	0.0211121
259.437	0.0217983
259.937	0.022294
260.437	0.0225956
260.937	0.0227014
261.436	0.0226111
261.936	0.0223262
262.436	0.02185
262.936	0.0211873
263.436	0.0203445
263.936	0.0193295
264.436	0.0181517
264.936	0.0168218
265.435	0.015352
265.935	0.0137553
266.435	0.0120459
266.935	0.0102392
267.435	0.00835081
267.935	0.00639747
268.435	0.0043962
268.935	0.00236442
269.434	0.000319729
269.934	-0.00172021
270.434	-0.00373786
270.934	-0.0057159
271.434	-0.00763747
271.934	-0.0094862
272.434	-0.0112464
272.934	-0.0129034
273.433	-0.0144431
273.933	-0.0158527
274.433	-0.0171207
274.933	-0.0182364
275.433	-0.019191
275.933	-0.0199768
276.433	-0.0205876
276.933	-0.0210187
277.432	-0.0212671
277.932	-0.0213314
278.432	-0.0212115
278.932	-0.0209093
279.432	-0.0204279
279.932	-0.0197722
280.432	-0.0189484
280.932	-0.0179641
281.432	-0.0168286
281.931	-0.0155519
282.431	-0.0141458
282.931	-0.0126227
283.431	-0.0109961
283.931	-0.00928051
284.431	-0.00749092
284.931	-0.00564305
285.431	-0.00375301
285.93	-0.00183723
286.43	8.76828e-05
286.93	0.00200512
287.43	0.00389858
287.93	0.00575184
288.43	0.00754905
288.93	0.00927494
289.43	0.0109149
289.929	0.012455
290.429	0.0138824
290.929	0.0151852
291.429	0.0163525
291.929	0.0173748
292.429	0.0182438
292.929	0.0189524
293.429	0.0194952
293.928	0.0198679
294.428	0.020068
294.928	0.0200944
295.428	0.0199473
295.928	0.0196286
296.428	0.0191417
296.928	0.0184914
297.428	0.0176836
297.927	0.0167261
298.427	0.0156274
298.927	0.0143977
299.427	0.0130478
299.927	0.0115898
300.427	0.0100366
300.927	0.00840205
301.427	0.00670037
301.926	0.00494649
302.426	0.0031557
302.926	0.00134356
303.426	-0.00047424
303.926	-0.00228201
304.426	-0.0040642
304.926	-0.00580553
305.426	-0.00749112
305.926	-0.00910662
306.425	-0.0106383
306.925	-0.0120733
307.425	-0.0133995
307.925	-0.0146059
308.425	-0.0156823
308.925	-0.01662
309.425	-0.0174114
309.925	-0.01805
310.424	-0.0185309
310.924	-0.0188503
311.424	-0.0190062
311.924	-0.0189976
312.424	-0.0188251
312.924	-0.0184908
313.424	-0.017998
313.924	-0.0173516
314.423	-0.0165575
314.923	-0.0156231
315.423	-0.0145568
315.923	-0.0133684
316.423	-0.0120684
316.923	-0.0106683
317.423	-0.0091806
317.923	-0.00761836
318.422	-0.0059953
318.922	-0.00432559
319.422	-0.00262378
319.922	-0.000904641
320.422	0.000816945
320.922	0.00252612
321.422	0.0042082
321.922	0.00584874
322.421	0.00743374
322.921	0.00894969
323.421	0.0103837
323.921	0.0117238
324.421	0.0129585
324.921	0.0140776
325.421	0.0150719
325.921	0.015933
326.421	0.016654
326.92	0.017229
327.42	0.0176537
327.92	0.0179247
328.42	0.0180402
328.92	0.0179996
329.42	0.0178039
329.92	0.0174551
330.42	0.0169567
330.919	0.0163135
331.419	0.0155314
331.919	0.0146177
332.419	0.0135805
332.919	0.0124293
333.419	0.0111742
333.919	0.00982647
334.419	0.00839793
334.918	0.00690117
335.418	0.00534931
335.918	0.00375588
336.418	0.00213478
336.918	0.000500047
337.418	-0.00113416
337.918	-0.00275375
338.418	-0.00434479
338.917	-0.00589364
339.417	-0.00738706
339.917	-0.00881234
340.417	-0.0101574
340.917	-0.0114108
341.417	-0.012562
341.917	-0.0136015
342.417	-0.0145205
342.916	-0.0153115
343.416	-0.0159681
343.916	-0.0164848
344.416	-0.0168578
344.916	-0.0170842
345.416	-0.0171625
345.916	-0.0170923
346.416	-0.0168749
346.916	-0.0165123
347.415	-0.0160083
347.915	-0.0153675
348.415	-0.0145959
348.915	-0.0137005
349.415	-0.0126893
349.915	-0.0115715
350.415	-0.0103569
350.915	-0.00905643
351.414	-0.00768141
351.914	-0.00624397
352.414	-0.00475668
352.914	-0.00323252
353.414	-0.00168473
353.914	-0.000126749
354.414	0.00142796
354.914	0.00296599
355.413	0.00447411
355.913	0.0059394
356.413	0.00734933
356.913	0.00869189
357.413	0.00995569
357.913	0.01113
358.413	0.012205
358.913	0.0131717
359.412	0.014022
359.912	0.0147489
360.412	0.0153464
360.912	0.0158099
361.412	0.0161356
361.912	0.0163211
362.412	0.0163652
362.912	0.0162679
363.411	0.0160305
363.911	0.0156553
364.411	0.015146
364.911	0.0145074
365.411	0.0137453
365.911	0.0128666
366.411	0.0118792
366.911	0.010792
367.411	0.00961464
367.91	0.00835745
368.41	0.00703153
368.91	0.00564852
369.41	0.00422051
369.91	0.00275995
370.41	0.00127953
370.91	-0.000207926
371.41	-0.00168955
371.909	-0.00315257
372.409	-0.00458441
372.909	-0.00597279
373.409	-0.00730585
373.909	-0.00857222
374.409	-0.00976116
374.909	-0.0108626
375.409	-0.0118673
375.908	-0.0127668
376.408	-0.0135536
376.908	-0.0142212
377.408	-0.0147643
377.908	-0.0151783
378.408	-0.0154602
378.908	-0.0156078
379.408	-0.0156201
379.907	-0.0154975
380.407	-0.0152414
380.907	-0.0148542
381.407	-0.0143398
381.907	-0.0137028
382.407	-0.0129491
382.907	-0.0120855
383.407	-0.0111197
383.906	-0.0100604
384.406	-0.00891687
384.906	-0.00769928
385.406	-0.00641831
385.906	-0.00508518
386.406	-0.00371154
386.906	-0.00230935
387.406	-0.000890784
387.905	0.000531866
388.405	0.00194631
388.905	0.00334035
389.405	0.00470201
389.905	0.00601962
390.405	0.00728192
390.905	0.00847814
391.405	0.00959813
391.905	0.0106324
392.404	0.0115723
392.904	0.0124098
393.404	0.0131381
393.904	0.0137512
394.404	0.0142439
394.904	0.0146124
395.404	0.0148539
395.904	0.0149665
396.403	0.0149495
396.903	0.0148035
397.403	0.0145301
397.903	0.0141319
398.403	0.0136127
398.903	0.0129773
399.403	0.0122314
399.903	0.0113818
400.402	0.010436
400.902	0.00940252
401.402	0.00829043
401.902	0.00710953
402.402	0.00587021
402.902	0.00458331
403.402	0.00326005
403.902	0.00191196
404.401	0.000550737
404.901	-0.000811831
405.401	-0.00216398
405.901	-0.00349405
406.401	-0.00479061
406.901	-0.00604255
407.401	-0.00723918
407.901	-0.00837028
408.4	-0.00942625
408.9	-0.0103982
409.4	-0.0112778
409.9	-0.0120579
410.4	-0.0127318
410.9	-0.013294
411.4	-0.01374
411.9	-0.0140661
412.4	-0.0142699
412.899	-0.0143498
413.399	-0.0143056
413.899	-0.0141378
414.399	-0.0138482
414.899	-0.0134396
415.399	-0.0129158
415.899	-0.0122817
416.399	-0.0115429
416.898	-0.0107061
417.398	-0.00977873
417.898	-0.00876906
418.398	-0.00768598
418.898	-0.00653901
419.398	-0.00533823
419.898	-0.00409412
420.398	-0.00281754
420.897	-0.00151958
421.397	-0.000211514
421.897	0.00109535
422.397	0.00238972
422.897	0.00366045
423.397	0.00489662
423.897	0.00608763
424.397	0.00722331
424.896	0.00829397
425.396	0.00929052
425.896	0.0102045
426.396	0.0110283
426.896	0.0117549
427.396	0.0123783
427.896	0.0128934
428.396	0.013296
428.895	0.0135828
429.395	0.0137516
429.895	0.0138013
430.395	0.0137317
430.895	0.0135436
431.395	0.0132391
431.895	0.0128209
432.395	0.012293
432.895	0.0116601
433.394	0.010928
433.894	0.0101033
434.394	0.00919317
434.894	0.00820579
435.394	0.00714983
435.894	0.00603457
436.394	0.00486979
436.894	0.00366566
437.393	0.00243266
437.893	0.00118151
438.393	-7.69352e-05
438.893	-0.00133179
439.393	-0.00257223
439.893	-0.00378756
440.393	-0.00496735
440.893	-0.00610148
441.392	-0.00718026
441.892	-0.0081945
442.392	-0.00913559
442.892	-0.00999555
443.392	-0.0107671
443.892	-0.0114439
444.392	-0.0120202
444.892	-0.0124913
445.391	-0.0128533
445.891	-0.0131033
446.391	-0.0132396
446.891	-0.013261
447.391	-0.0131678
447.891	-0.0129609
448.391	-0.0126424
448.891	-0.0122153
449.39	-0.0116836
449.89	-0.011052
450.39	-0.0103262
450.89	-0.00951274
451.39	-0.00861882
451.89	-0.00765233
452.39	-0.00662179
452.89	-0.00553624
453.389	-0.00440517
453.889	-0.00323846
454.389	-0.00204626
454.889	-0.000838937
455.389	0.000373052
455.889	0.00157923
456.389	0.00276918
456.889	0.00393266
457.389	0.00505968
457.888	0.00614058
458.388	0.00716612
458.888	0.00812756
459.388	0.00901674
459.888	0.00982613
460.388	0.0105489
460.888	0.011179
461.388	0.0117112
461.887	0.0121411
462.387	0.0124652
462.887	0.012681
463.387	0.0127868
463.887	0.0127818
464.387	0.0126665
464.887	0.0124421
465.387	0.0121106
465.886	0.0116753
466.386	0.01114
466.886	0.0105097
467.386	0.00978998
467.886	0.00898723
468.386	0.00810857
468.886	0.00716177
469.386	0.00615515
469.885	0.00509752
470.385	0.00399815
470.885	0.00286661
471.385	0.00171275
471.885	0.000546589
472.385	-0.000621775
472.885	-0.00178224
473.385	-0.0029248
473.884	-0.00403962
474.384	-0.00511712
474.884	-0.00614807
475.384	-0.00712367
475.884	-0.0080356
476.384	-0.00887611
476.884	-0.00963809
477.384	-0.0103151
477.884	-0.0109015
478.383	-0.0113924
478.883	-0.0117838
479.383	-0.0120725
479.883	-0.0122561
480.383	-0.0123334
480.883	-0.0123039
481.383	-0.012168
481.883	-0.0119273
482.382	-0.0115838
482.882	-0.0111409
483.382	-0.0106026
483.882	-0.00997369
484.382	-0.00925983
484.882	-0.00846734
485.382	-0.00760326
485.882	-0.00667518
486.381	-0.00569126
486.881	-0.00466011
487.381	-0.00359075
487.881	-0.00249249
488.381	-0.00137489
488.881	-0.000247632
489.381	0.000879513
489.881	0.00199681
490.38	0.00309462
490.88	0.00416349
491.38	0.00519426
491.88	0.00617808
492.38	0.00710656
492.88	0.00797177
493.38	0.00876638
493.88	0.00948365
494.379	0.0101176
494.879	0.0106628
495.379	0.0111148
495.879	0.0114698
496.379	0.0117251
496.879	0.0118785
497.379	0.011929
497.879	0.0118763
498.379	0.0117211
498.878	0.011465
499.378	0.0111103
499.878	0.0106603
500.378	0.0101191
500.878	0.00949159
501.378	0.00878331
501.878	0.00800055
502.378	0.00715024
502.877	0.00623984
503.377	0.00527736
503.877	0.00427121
504.377	0.00323017
504.877	0.00216331
505.377	0.00107989
505.877	-1.06836e-05
506.377	-0.00109898
506.876	-0.00217558
507.376	-0.00323123
507.876	-0.00425683
508.376	-0.00524358
508.876	-0.00618304
509.376	-0.00706716
509.876	-0.00788843
510.376	-0.00863986
510.875	-0.00931511
511.375	-0.00990847
511.875	-0.010415
512.375	-0.0108305
512.875	-0.0111515
513.375	-0.0113754
513.875	-0.0115006
514.375	-0.011526
514.874	-0.0114517
515.374	-0.0112786
515.874	-0.0110082
516.374	-0.0106432
516.874	-0.0101869
517.374	-0.00964331
517.874	-0.00901741
518.374	-0.00831473
518.874	-0.0075415
519.373	-0.00670453
519.873	-0.00581118
520.373	-0.00486928
520.873	-0.00388706
521.373	-0.0028731
521.873	-0.00183622
522.373	-0.000785414
522.873	0.000270197
523.372	0.00132148
523.872	0.00235936
524.372	0.0033749
524.872	0.00435935
525.372	0.00530426
525.872	0.00620155
526.372	0.00704354
526.872	0.00782307
527.371	0.00853351
527.871	0.00916886
528.371	0.00972376
528.871	0.0101936
529.371	0.0105744
529.871	0.0108631
530.371	0.0110574
530.871	0.0111557
531.37	0.0111574
531.87	0.0110627
532.37	0.0108725
532.87	0.0105887
533.37	0.0102139
533.87	0.00975157
534.37	0.00920577
534.87	0.00858142
535.369	0.00788406
535.869	0.00711986
536.369	0.00629554
536.869	0.00541834
537.369	0.00449594
537.869	0.00353639
538.369	0.00254807
538.869	0.00153956
539.368	0.000519614
539.868	-0.000502922
540.368	-0.00151921
540.868	-0.00252047
541.368	-0.00349809
541.868	-0.00444365
542.368	-0.00534905
542.868	-0.00620652
543.368	-0.00700875
543.867	-0.0077489
544.367	-0.0084207
544.867	-0.00901845
545.367	-0.00953713
545.867	-0.0099724
546.367	-0.0103207
546.867	-0.010579
547.367	-0.0107455
547.866	-0.0108187
548.366	-0.0107983
548.866	-0.0106845
549.366	-0.0104786
549.866	-0.0101824
550.366	-0.00979874
550.866	-0.00933106
551.366	-0.00878355
551.865	-0.00816109
552.365	-0.00746919
552.865	-0.00671397
553.365	-0.00590207
553.865	-0.00504061
554.365	-0.00413712
554.865	-0.00319949
555.365	-0.0022359
555.864	-0.0012547
556.364	-0.000264431
556.864	0.000726344
557.364	0.00170906
557.864	0.00267522
558.364	0.00361652
558.864	0.00452486
559.364	0.00539245
559.863	0.00621185
560.363	0.00697607
560.863	0.0076786
561.363	0.00831348
561.863	0.00887534
562.363	0.00935945
562.863	0.00976176
563.363	0.0100789
563.863	0.0103084
564.362	0.0104483
564.862	0.0104976
565.362	0.0104561
565.862	0.0103242
566.362	0.0101032
566.862	0.00979526
567.362	0.00940316
567.862	0.00893042
568.361	0.00838128
568.861	0.00776062
569.361	0.00707393
569.861	0.00632726
570.361	0.00552717
570.861	0.00468067
571.361	0.00379517
571.861	0.00287838
572.36	0.00193828
572.86	0.000983043
573.36	2.0953e-05
573.86	-0.000939663
574.36	-0.0018905
574.86	-0.00282336
575.36	-0.00373021
575.86	-0.00460325
576.359	-0.00543499
576.859	-0.00621832
577.359	-0.00694654
577.859	-0.00761347
578.359	-0.00821343
578.859	-0.00874135
579.359	-0.00919281
579.859	-0.00956402
580.358	-0.00985192
580.858	-0.0100542
581.358	-0.0101691
581.858	-0.010196
582.358	-0.0101347
582.858	-0.00998588
583.358	-0.009751
583.858	-0.00943224
584.358	-0.00903249
584.857	-0.00855534
585.357	-0.00800506
585.857	-0.00738653
586.357	-0.00670522
586.857	-0.00596711
587.357	-0.0051787
587.857	-0.00434687
588.357	-0.00347891
588.856	-0.00258237
589.356	-0.00166506
589.856	-0.000734935
590.356	0.000199931
590.856	0.00113145
591.356	0.00205157
591.856	0.00295236
592.356	0.00382606
592.855	0.00466516
593.355	0.00546247
593.855	0.00621116
594.355	0.00690483
594.855	0.0075376
595.355	0.00810407
595.855	0.00859947
596.355	0.00901964
596.854	0.00936106
597.354	0.00962092
597.854	0.0097971
598.354	0.00988821
598.854	0.00989363
599.354	0.00981343
599.854	0.00964845
600.354	0.00940027
600.853	0.00907117
601.353	0.00866412
601.853	0.00818277
602.353	0.00763142
602.853	0.00701493
603.353	0.00633876
603.853	0.00560884
604.353	0.00483157
604.853	0.00401376
605.352	0.00316254
605.852	0.00228533
606.352	0.00138975
606.852	0.000483575
607.352	-0.000425338
607.852	-0.00132913
608.352	-0.00221999
608.852	-0.00309024
609.351	-0.00393239
609.851	-0.0047392
610.351	-0.00550376
610.851	-0.00621952
611.351	-0.00688037
611.851	-0.0074807
612.351	-0.0080154
612.851	-0.00847997
613.35	-0.00887049
613.85	-0.00918372
614.35	-0.00941706
614.85	-0.00956864
615.35	-0.00963728
615.85	-0.00962251
616.35	-0.0095246
616.85	-0.00934454
617.349	-0.009084
617.849	-0.00874538
618.349	-0.00833172
618.849	-0.00784674
619.349	-0.00729473
619.849	-0.00668058
620.349	-0.00600969
620.849	-0.00528797
621.348	-0.00452173
621.848	-0.00371767
622.348	-0.00288281
622.848	-0.00202441
623.348	-0.00114994
623.848	-0.000266974
624.348	0.000616827
624.848	0.00149382
625.347	0.00235644
625.847	0.00319724
626.347	0.004009
626.847	0.00478472
627.347	0.00551778
627.847	0.00620188
628.347	0.0068312
628.847	0.00740038
629.347	0.0079046
629.846	0.00833959
630.346	0.0087017
630.846	0.00898792
631.346	0.0091959
631.846	0.00932395
632.346	0.00937109
632.846	0.00933705
633.346	0.00922225
633.845	0.00902781
634.345	0.00875552
634.845	0.00840788
635.345	0.007988
635.845	0.00749963
636.345	0.0069471
636.845	0.00633528
637.345	0.00566957
637.844	0.00495579
638.344	0.00420021
638.844	0.00340941
639.344	0.00259029
639.844	0.00174998
640.344	0.000895773
640.844	3.50833e-05
641.344	-0.000824638
641.843	-0.00167596
642.343	-0.00251153
642.843	-0.00332415
643.343	-0.00410683
643.843	-0.00485285
644.343	-0.0055558
644.843	-0.00620969
645.343	-0.00680893
645.842	-0.00734842
646.342	-0.00782359
646.842	-0.00823044
647.342	-0.00856554
647.842	-0.00882611
648.342	-0.00901002
648.842	-0.00911578
649.342	-0.00914261
649.842	-0.0090904
650.341	-0.00895971
650.841	-0.0087518
651.341	-0.00846859
651.841	-0.00811263
652.341	-0.00768712
652.841	-0.00719585
653.341	-0.00664316
653.841	-0.00603393
654.34	-0.00537351
654.84	-0.00466768
655.34	-0.00392264
655.84	-0.00314486
656.34	-0.00234114
656.84	-0.00151847
657.34	-0.000683975
657.84	0.000155098
658.339	0.000991488
658.839	0.00181797
659.339	0.0026274
659.839	0.00341282
660.339	0.00416746
660.839	0.00488485
661.339	0.00555884
661.839	0.00618366
662.338	0.00675399
662.838	0.00726498
663.338	0.00771229
663.838	0.00809216
664.338	0.0084014
664.838	0.00863744
665.338	0.00879835
665.838	0.00888285
666.337	0.00889033
666.837	0.00882083
667.337	0.00867508
667.837	0.00845444
668.337	0.00816094
668.837	0.00779723
669.337	0.00736655
669.837	0.00687272
670.337	0.00632012
670.836	0.00571361
671.336	0.00505852
671.836	0.00436058
672.336	0.00362589
672.836	0.00286086
673.336	0.00207215
673.836	0.00126662
674.336	0.000451263
674.835	-0.000366861
675.335	-0.00118067
675.835	-0.00198314
676.335	-0.00276733
676.835	-0.0035265
677.335	-0.00425412
677.835	-0.00494393
678.335	-0.00559004
678.834	-0.00618692
679.334	-0.00672947
679.834	-0.00721309
680.334	-0.00763368
680.834	-0.00798769
681.334	-0.00827216
681.834	-0.00848473
682.334	-0.00862368
682.833	-0.00868789
683.333	-0.00867694
683.833	-0.00859102
684.333	-0.00843098
684.833	-0.00819833
685.333	-0.00789516
685.833	-0.00752422
686.333	-0.00708881
686.832	-0.00659278
687.332	-0.00604051
687.832	-0.00543687
688.332	-0.00478715
688.832	-0.00409702
689.332	-0.00337253
689.832	-0.00261998
690.332	-0.00184593
690.832	-0.0010571
691.331	-0.000260332
691.831	0.00053747
692.331	0.00132941
692.831	0.00210863
693.331	0.00286844
693.831	0.00360226
694.331	0.00430381
694.831	0.00496706
695.33	0.00558633
695.83	0.00615632
696.33	0.00667218
696.83	0.00712952
697.33	0.00752447
697.83	0.00785372
698.33	0.00811449
698.83	0.00830464
699.329	0.00842262
699.829	0.00846752
700.329	0.00843905
700.829	0.00833756
701.329	0.00816404
701.829	0.00792009
702.329	0.00760791
702.829	0.00723032
703.328	0.00679066
703.828	0.00629283
704.328	0.00574122
704.828	0.00514067
705.328	0.00449644
705.828	0.00381418
706.328	0.00309984
706.828	0.00235964
707.327	0.00160002
707.827	0.000827579
708.327	4.90148e-05
708.827	-0.000728929
709.327	-0.00149952
709.827	-0.00225611
710.327	-0.00299218
710.827	-0.00370137
711.326	-0.00437761
711.826	-0.00501508
712.326	-0.00560832
712.826	-0.00615227
713.326	-0.00664229
713.826	-0.00707422
714.326	-0.00744439
714.826	-0.00774971
715.326	-0.00798761
715.825	-0.00815613
716.325	-0.00825391
716.825	-0.00828021
717.325	-0.00823489
717.825	-0.00811845
718.325	-0.00793199
718.825	-0.00767723
719.325	-0.00735645
719.824	-0.00697254
720.324	-0.00652888
720.824	-0.00602942
721.324	-0.00547854
721.824	-0.00488107
722.324	-0.00424225
722.824	-0.00356767
723.324	-0.00286321
723.823	-0.00213499
724.323	-0.00138936
724.823	-0.000632781
725.323	0.000128182
725.823	0.000886943
726.323	0.00163694
726.823	0.00237171
727.323	0.0030849
727.822	0.00377038
728.322	0.00442226
728.822	0.00503496
729.322	0.00560321
729.822	0.00612217
730.322	0.00658742
730.822	0.006995
731.322	0.00734148
731.821	0.00762393
732.321	0.00784001
732.821	0.00798793
733.321	0.0080665
733.821	0.00807515
734.321	0.0080139
734.821	0.00788337
735.321	0.00768477
735.821	0.00741994
736.32	0.00709124
736.82	0.0067016
737.32	0.00625448
737.82	0.00575383
738.32	0.00520405
738.82	0.00460996
739.32	0.00397676
739.82	0.00330998
740.319	0.00261544
740.819	0.00189917
741.319	0.00116741
741.819	0.000426513
742.319	-0.000317109
742.819	-0.00105702
743.319	-0.00178681
743.819	-0.0025002
744.318	-0.00319102
744.818	-0.00385334
745.318	-0.00448146
745.818	-0.00507
746.318	-0.00561391
746.818	-0.00610855
747.318	-0.00654971
747.818	-0.00693364
748.317	-0.00725709
748.817	-0.00751736
749.317	-0.00771227
749.817	-0.00784022
750.317	-0.00790019
750.817	-0.00789176
751.317	-0.00781508
751.817	-0.00767092
752.316	-0.0074606
752.816	-0.00718604
753.316	-0.0068497
753.816	-0.00645456
754.316	-0.00600411
754.816	-0.00550234
755.316	-0.00495365
755.816	-0.00436284
756.316	-0.00373508
756.815	-0.00307585
757.315	-0.00239089
757.815	-0.00168617
758.315	-0.000967795
758.815	-0.000242008
759.315	0.000484907
759.815	0.00120666
760.315	0.00191702
760.814	0.00260985
761.314	0.00327918
761.814	0.00391926
762.314	0.00452458
762.814	0.00508996
763.314	0.00561056
763.814	0.00608193
764.314	0.00650007
764.813	0.00686141
765.313	0.00716292
765.813	0.00740207
766.313	0.00757686
766.813	0.00768587
767.313	0.00772824
767.813	0.0077037
768.313	0.00761253
768.812	0.00745563
769.312	0.00723442
769.812	0.00695091
770.312	0.00660764
770.812	0.00620764
771.312	0.00575446
771.812	0.00525208
772.312	0.00470492
772.811	0.00411776
773.311	0.00349574
773.811	0.00284427
774.311	0.00216905
774.811	0.00147593
775.311	0.000770946
775.811	6.02009e-05
776.311	-0.000650146
776.811	-0.00135395
777.31	-0.00204513
777.81	-0.00271772
778.31	-0.00336593
778.81	-0.00398418
779.31	-0.00456716
779.81	-0.00510987
780.31	-0.00560767
780.81	-0.00605631
781.309	-0.00645197
781.809	-0.00679129
782.309	-0.00707141
782.809	-0.00728999
783.309	-0.0074452
783.809	-0.00753579
784.309	-0.00756106
784.809	-0.00752087
785.308	-0.00741564
785.808	-0.00724637
786.308	-0.00701462
786.808	-0.00672245
787.308	-0.00637247
787.808	-0.00596779
788.308	-0.00551197
788.808	-0.00500903
789.307	-0.00446336
789.807	-0.00387975
790.307	-0.00326329
790.807	-0.00261935
791.307	-0.00195355
791.807	-0.00127165
792.307	-0.000579596
792.807	0.000116627
793.306	0.00081099
793.806	0.00149749
794.306	0.00217019
794.806	0.0028233
795.306	0.00345119
795.806	0.00404846
796.306	0.00460998
796.806	0.00513095
797.305	0.00560689
797.805	0.00603377
798.305	0.00640793
798.805	0.00672622
799.305	0.00698595
799.805	0.00718495
800.305	0.00732156
800.805	0.0073947
801.305	0.0074038
801.804	0.00734887
802.304	0.00723045
802.804	0.00704967
803.304	0.00680815
803.804	0.00650806
804.304	0.00615208
804.804	0.00574335
805.304	0.00528547
805.803	0.00478246
806.303	0.00423875
806.803	0.00365906
807.303	0.00304848
807.803	0.00241232
808.303	0.00175611
808.803	0.00108555
809.303	0.000406475
809.802	-0.000275241
810.302	-0.000953695
810.802	-0.00162302
811.302	-0.00227744
811.802	-0.00291131
812.302	-0.00351916
812.802	-0.00409578
813.302	-0.00463621
813.801	-0.00513583
814.301	-0.00559035
814.801	-0.0059959
815.301	-0.00634904
815.801	-0.00664676
816.301	-0.00688657
816.801	-0.00706646
817.301	-0.00718494
817.8	-0.00724107
818.3	-0.00723443
818.8	-0.00716516
819.3	-0.00703394
819.8	-0.00684196
820.3	-0.00659098
820.8	-0.00628323
821.3	-0.00592144
821.8	-0.0055088
822.299	-0.00504896
822.799	-0.00454594
823.299	-0.00400414
823.799	-0.00342831
824.299	-0.00282346
824.799	-0.00219486
825.299	-0.00154798
825.799	-0.000888438
826.298	-0.000221949
826.798	0.00044571
827.298	0.00110876
827.798	0.00176147
828.298	0.00239822
828.798	0.0030135
829.298	0.00360202
829.798	0.00415873
830.297	0.00467884
830.797	0.00515791
831.297	0.00559183
831.797	0.0059769
832.297	0.00630986
832.797	0.00658789
833.297	0.00680865
833.797	0.00697029
834.296	0.00707149
834.796	0.00711144
835.296	0.00708988
835.796	0.00700707
836.296	0.00686379
836.796	0.00666136
837.296	0.00640159
837.796	0.00608681
838.295	0.00571981
838.795	0.00530382
839.295	0.00484249
839.795	0.00433988
840.295	0.00380038
840.795	0.00322871
841.295	0.00262985
841.795	0.002009
842.295	0.00137158
842.794	0.000723111
843.294	6.92194e-05
843.794	-0.000584431
844.294	-0.00123219
844.794	-0.00186845
845.294	-0.00248772
845.794	-0.00308467
846.294	-0.00365416
846.793	-0.0041913
847.293	-0.00469147
847.793	-0.00515039
848.293	-0.00556414
848.793	-0.00592919
849.293	-0.00624244
849.793	-0.00650125
850.293	-0.00670343
850.792	-0.0068473
851.292	-0.00693169
851.792	-0.00695594
852.292	-0.0069199
852.792	-0.00682396
853.292	-0.00666902
853.792	-0.00645649
854.292	-0.00618828
854.791	-0.00586676
855.291	-0.00549479
855.791	-0.00507563
856.291	-0.00461298
856.791	-0.00411088
857.291	-0.00357373
857.791	-0.00300621
858.291	-0.00241327
858.79	-0.00180006
859.29	-0.00117192
859.79	-0.000534301
860.29	0.000107278
860.79	0.000747257
861.29	0.0013801
861.79	0.00200034
862.29	0.00260263
862.789	0.00318178
863.289	0.0037328
863.789	0.00425096
864.289	0.00473182
864.789	0.00517125
865.289	0.00556551
865.789	0.00591123
866.289	0.00620548
866.789	0.00644577
867.288	0.00663009
867.788	0.00675691
868.288	0.00682519
868.788	0.00683442
869.288	0.00678458
869.788	0.00667616
870.288	0.00651019
870.788	0.00628814
871.287	0.00601203
871.787	0.00568428
872.287	0.00530781
872.787	0.00488592
873.287	0.00442231
873.787	0.00392104
874.287	0.0033865
874.787	0.00282335
875.286	0.00223648
875.786	0.00163101
876.286	0.0010122
876.786	0.000385406
877.286	-0.000243928
877.786	-0.000870357
878.286	-0.00148847
878.786	-0.00209292
879.285	-0.00267849
879.785	-0.00324015
880.285	-0.00377306
880.785	-0.00427264
881.285	-0.00473461
881.785	-0.00515501
882.285	-0.00553025
882.785	-0.00585714
883.284	-0.0061329
883.784	-0.00635522
884.284	-0.00652221
884.784	-0.0066325
885.284	-0.00668521
885.784	-0.00667994
886.284	-0.00661679
886.784	-0.00649639
887.284	-0.00631984
887.783	-0.00608873
888.283	-0.00580513
888.783	-0.00547153
889.283	-0.00509089
889.783	-0.00466656
890.283	-0.00420225
890.783	-0.00370203
891.283	-0.00317026
891.782	-0.00261158
892.282	-0.00203085
892.782	-0.00143314
893.282	-0.000823613
893.782	-0.000207572
894.282	0.00040965
894.782	0.00102271
895.282	0.00162631
895.781	0.00221523
896.281	0.00278441
896.781	0.00332892
897.281	0.0038441
897.781	0.00432552
898.281	0.00476904
898.781	0.00517088
899.281	0.00552759
899.78	0.00583616
900.28	0.00609395
900.78	0.0062988
901.28	0.00644899
901.78	0.00654328
902.28	0.00658093
902.78	0.00656165
903.28	0.0064857
903.779	0.00635377
904.279	0.00616709
904.779	0.00592732
905.279	0.0056366
905.779	0.00529749
906.279	0.004913
906.779	0.00448648
907.279	0.00402169
907.779	0.00352268
908.278	0.0029938
908.778	0.00243968
909.278	0.00186512
909.778	0.00127512
910.278	0.000674813
910.778	6.93923e-05
911.278	-0.000535895
911.778	-0.00113581
912.277	-0.00172517
912.777	-0.00229889
913.277	-0.00285202
913.777	-0.0033798
914.277	-0.00387768
914.777	-0.0043414
915.277	-0.00476698
915.777	-0.00515078
916.276	-0.00548952
916.776	-0.00578032
917.276	-0.00602072
917.776	-0.0062087
918.276	-0.00634268
918.776	-0.00642156
919.276	-0.00644473
919.776	-0.00641204
920.275	-0.00632383
920.775	-0.00618094
921.275	-0.00598466
921.775	-0.00573673
922.275	-0.00543938
922.775	-0.00509521
923.275	-0.00470727
923.775	-0.00427895
924.274	-0.00381401
924.774	-0.0033165
925.274	-0.00279078
925.774	-0.00224141
926.274	-0.00167319
926.774	-0.00109104
927.274	-0.000500015
927.774	9.47546e-05
928.274	0.00068812
928.773	0.00127495
929.273	0.00185017
929.773	0.00240882
930.273	0.00294608
930.773	0.00345732
931.273	0.00393815
931.773	0.00438444
932.273	0.00479237
932.772	0.00515844
933.272	0.00547953
933.772	0.00575292
934.272	0.00597628
934.772	0.00614774
935.272	0.00626586
935.772	0.0063297
936.272	0.00633873
936.771	0.00629296
937.271	0.00619283
937.771	0.00603927
938.271	0.00583365
938.771	0.00557782
939.271	0.00527405
939.771	0.004925
940.271	0.00453376
940.77	0.00410374
941.27	0.00363871
941.77	0.00314274
942.27	0.00262014
942.77	0.00207547
943.27	0.00151345
943.77	0.000938981
944.27	0.000357036
944.769	-0.000227341
945.269	-0.00080909
945.769	-0.00138318
946.269	-0.00194465
946.769	-0.00248866
947.269	-0.00301053
947.769	-0.00350574
948.269	-0.00397006
948.768	-0.0043995
949.268	-0.00479037
949.768	-0.00513933
950.268	-0.00544342
950.768	-0.00570005
951.268	-0.00590704
951.768	-0.00606266
952.268	-0.00616561
952.768	-0.00621507
953.267	-0.00621065
953.767	-0.00615246
954.267	-0.00604105
954.767	-0.00587744
955.267	-0.00566311
955.767	-0.00539997
956.267	-0.00509033
956.767	-0.00473693
957.266	-0.00434288
957.766	-0.00391162
958.266	-0.00344693
958.766	-0.00295286
959.266	-0.00243372
959.766	-0.00189403
960.266	-0.00133848
960.766	-0.00077189
961.265	-0.00019918
961.765	0.000374688
962.265	0.000944748
962.765	0.00150607
963.265	0.00205381
963.765	0.00258323
964.265	0.00308978
964.765	0.00356909
965.264	0.00401705
965.764	0.0044298
966.264	0.00480383
966.764	0.00513592
967.264	0.00542324
967.764	0.00566337
968.264	0.00585425
968.764	0.00599431
969.263	0.00608236
969.763	0.00611772
970.263	0.00610011
970.763	0.00602976
971.263	0.00590731
971.763	0.00573389
972.263	0.00551105
972.763	0.00524076
973.263	0.00492541
973.762	0.00456777
974.262	0.00417099
974.762	0.00373854
975.262	0.00327419
975.762	0.00278199
976.262	0.00226623
976.762	0.0017314
977.262	0.00118214
977.761	0.000623228
978.261	5.94977e-05
978.761	-0.000504164
979.261	-0.00106288
979.761	-0.00161182
980.261	-0.00214625
980.761	-0.00266156
981.261	-0.0031533
981.76	-0.00361726
982.26	-0.00404943
982.76	-0.00444612
983.26	-0.00480393
983.76	-0.0051198
984.26	-0.00539104
984.76	-0.00561535
985.26	-0.00579085
985.759	-0.00591605
986.259	-0.00598993
986.759	-0.0060119
987.259	-0.00598182
987.759	-0.00590001
988.259	-0.00576723
988.759	-0.00558467
989.259	-0.00535398
989.758	-0.00507719
990.258	-0.00475674
990.758	-0.00439545
991.258	-0.0039965
991.758	-0.00356337
992.258	-0.00309984
992.758	-0.00260996
993.258	-0.00209799
993.758	-0.00156838
994.257	-0.00102574
994.757	-0.000474777
995.257	7.97391e-05
995.757	0.000633002
996.257	0.00118023
996.757	0.00171668
997.257	0.00223773
997.757	0.00273889
998.256	0.00321584
998.756	0.00366448
999.256	0.00408094
999.756	0.00446167
1000.26	0.00480339
1000.76	0.0051032
1001.26	0.00535853
1001.76	0.00556723
1002.26	0.00572753
1002.76	0.00583809
1003.26	0.00589802
1003.76	0.00590682
1004.25	0.0058645
1004.75	0.00577145
1005.25	0.00562853
1005.75	0.00543703
1006.25	0.00519866
1006.75	0.00491552
1007.25	0.00459011
1007.75	0.00422529
1008.25	0.00382424
1008.75	0.00339048
1009.25	0.00292779
1009.75	0.0024402
1010.25	0.00193196
1010.75	0.00140748
1011.25	0.000871325
1011.75	0.000328134
1012.25	-0.00021738
1012.75	-0.000760497
1013.25	-0.00129652
1013.75	-0.00182082
1014.25	-0.00232887
1014.75	-0.00281628
1015.25	-0.00327887
1015.75	-0.00371266
1016.25	-0.00411392
1016.75	-0.00447921
1017.25	-0.0048054
1017.75	-0.00508972
1018.25	-0.00532974
1018.75	-0.00552343
1019.25	-0.00566916
1019.75	-0.00576572
1020.25	-0.00581232
1020.75	-0.0058086
1021.25	-0.00575466
1021.75	-0.005651
1022.25	-0.00549857
1022.75	-0.00529874
1023.25	-0.00505328
1023.75	-0.00476437
1024.25	-0.00443454
1024.75	-0.00406669
1025.25	-0.00366405
1025.75	-0.00323013
1026.25	-0.00276871
1026.75	-0.00228382
1027.25	-0.00177967
1027.75	-0.00126065
1028.25	-0.000731267
1028.75	-0.000196106
1029.25	0.000340193
1029.75	0.000872988
1030.25	0.00139767
1030.75	0.00190971
1031.25	0.00240469
1031.75	0.00287834
1032.25	0.00332657
1032.75	0.00374555
1033.25	0.00413166
1033.75	0.00448161
1034.25	0.00479239
1034.75	0.00506136
1035.25	0.00528622
1035.75	0.00546508
1036.25	0.00559643
1036.75	0.00567917
1037.25	0.00571265
1037.75	0.00569662
1038.25	0.00563126
1038.75	0.00551719
1039.25	0.00535543
1039.75	0.00514745
1040.25	0.00489508
1040.75	0.00460054
1041.25	0.00426643
1041.75	0.00389567
1042.25	0.00349152
1042.75	0.00305749
1043.25	0.00259738
1043.75	0.00211518
1044.25	0.0016151
1044.75	0.00110147
1045.24	0.000578765
1045.74	5.15025e-05
1046.24	-0.000475745
1046.74	-0.000998417
1047.24	-0.00151199
1047.74	-0.00201204
1048.24	-0.00249424
1048.74	-0.00295444
1049.24	-0.00338868
1049.74	-0.00379323
1050.24	-0.0041646
1050.74	-0.00449963
1051.24	-0.00479545
1051.74	-0.00504953
1052.24	-0.00525971
1052.74	-0.00542423
1053.24	-0.00554169
1053.74	-0.00561113
1054.24	-0.00563199
1054.74	-0.00560414
1055.24	-0.00552787
1055.74	-0.00540387
1056.24	-0.00523328
1056.74	-0.0050176
1057.24	-0.00475876
1057.74	-0.00445903
1058.24	-0.00412104
1058.74	-0.00374775
1059.24	-0.00334244
1059.74	-0.00290863
1060.24	-0.00245011
1060.74	-0.00197087
1061.24	-0.00147508
1061.74	-0.000967039
1062.24	-0.000451161
1062.74	6.80837e-05
1063.24	0.000586198
1063.74	0.0010987
1064.24	0.00160116
1064.74	0.00208923
1065.24	0.00255871
1065.74	0.00300556
1066.24	0.00342592
1066.74	0.00381618
1067.24	0.00417299
1067.74	0.00449331
1068.24	0.00477438
1068.74	0.00501381
1069.24	0.00520957
1069.74	0.00536001
1070.24	0.00546387
1070.74	0.00552029
1071.24	0.00552882
1071.74	0.00548944
1072.24	0.00540254
1072.74	0.0052689
1073.24	0.00508974
1073.74	0.00486664
1074.24	0.00460157
1074.74	0.00429687
1075.24	0.00395521
1075.74	0.00357958
1076.24	0.00317327
1076.74	0.00273982
1077.24	0.002283
1077.74	0.00180679
1078.24	0.00131533
1078.74	0.000812891
1079.24	0.000303826
1079.74	-0.000207452
1080.24	-0.000716516
1080.74	-0.00121896
1081.24	-0.00171045
1081.74	-0.00218673
1082.24	-0.00264371
1082.74	-0.00307743
1083.24	-0.00348417
1083.74	-0.00386044
1084.24	-0.00420301
1084.74	-0.00450894
1085.24	-0.00477561
1085.74	-0.00500076
1086.23	-0.00518248
1086.73	-0.00531924
1087.23	-0.00540988
1087.73	-0.00545367
1088.23	-0.00545028
1088.73	-0.00539977
1089.23	-0.00530262
1089.73	-0.00515973
1090.23	-0.00497236
1090.73	-0.00474218
1091.23	-0.00447122
1091.73	-0.00416187
1092.23	-0.00381683
1092.73	-0.00343912
1093.23	-0.00303204
1093.73	-0.00259915
1094.23	-0.0021442
1094.73	-0.00167117
1095.23	-0.00118415
1095.73	-0.000687377
1096.23	-0.000185158
1096.73	0.000318156
1097.23	0.000818209
1097.73	0.00131068
1098.23	0.0017913
1098.73	0.00225594
1099.23	0.00270058
1099.73	0.0031214
1100.23	0.00351477
1100.73	0.00387732
1101.23	0.00420593
1101.73	0.00449779
1102.23	0.00475042
1102.73	0.00496165
1103.23	0.00512971
1103.73	0.00525317
1104.23	0.005331
1104.73	0.00536258
1105.23	0.00534767
1105.73	0.00528644
1106.23	0.00517947
1106.73	0.00502773
1107.23	0.00483256
1107.73	0.00459569
1108.23	0.00431921
1108.73	0.00400556
1109.23	0.00365748
1109.73	0.003278
1110.23	0.00287046
1110.73	0.00243839
1111.23	0.00198555
1111.73	0.0015159
1112.23	0.0010335
1112.73	0.000542542
1113.23	4.72839e-05
1113.73	-0.000447984
1114.23	-0.000938977
1114.73	-0.00142145
1115.23	-0.00189123
1115.73	-0.00234427
1116.23	-0.00277666
1116.73	-0.00318467
1117.23	-0.0035648
1117.73	-0.00391379
1118.23	-0.00422863
1118.73	-0.00450664
1119.23	-0.00474543
1119.73	-0.00494299
1120.23	-0.00509764
1120.73	-0.00520807
1121.23	-0.00527337
1121.73	-0.00529301
1122.23	-0.00526687
1122.73	-0.00519521
1123.23	-0.00507869
1123.73	-0.00491836
1124.23	-0.00471564
1124.73	-0.00447233
1125.23	-0.00419057
1125.73	-0.00387283
1126.23	-0.0035219
1126.73	-0.00314083
1127.22	-0.00273295
1127.72	-0.00230182
1128.22	-0.00185119
1128.72	-0.00138497
1129.22	-0.000907208
1129.72	-0.000422058
1130.22	6.62812e-05
1130.72	0.00055358
1131.22	0.00103562
1131.72	0.00150824
1132.22	0.00196736
1132.72	0.00240901
1133.22	0.00282938
1133.72	0.00322487
1134.22	0.00359206
1134.72	0.00392781
1135.22	0.00422924
1135.72	0.00449377
1136.22	0.00471914
1136.72	0.00490344
1137.22	0.00504511
1137.72	0.00514296
1138.22	0.00519618
1138.72	0.00520435
1139.22	0.00516745
1139.72	0.00508582
1140.22	0.00496022
1140.72	0.00479178
1141.22	0.00458198
1141.72	0.00433267
1142.22	0.00404606
1142.72	0.00372466
1143.22	0.00337127
1143.72	0.00298899
1144.22	0.00258114
1144.72	0.00215129
1145.22	0.00170316
1145.72	0.00124066
1146.22	0.000767801
1146.72	0.000288681
1147.22	-0.000192545
1147.72	-0.000671711
1148.22	-0.00114467
1148.72	-0.00160734
1149.22	-0.00205571
1149.72	-0.00248593
1150.22	-0.00289429
1150.72	-0.00327726
1151.22	-0.00363156
1151.72	-0.00395414
1152.22	-0.00424225
1152.72	-0.00449341
1153.22	-0.00470548
1153.72	-0.00487667
1154.22	-0.00500553
1154.72	-0.00509097
1155.22	-0.00513229
1155.72	-0.00512919
1156.22	-0.00508171
1156.72	-0.00499031
1157.22	-0.00485582
1157.72	-0.00467944
1158.22	-0.00446273
1158.72	-0.00420759
1159.22	-0.00391629
1159.72	-0.00359135
1160.22	-0.00323563
1160.72	-0.00285223
1161.22	-0.00244449
1161.72	-0.00201596
1162.22	-0.00157037
1162.72	-0.00111158
1163.22	-0.000643582
1163.72	-0.000170431
1164.22	0.000303775
1164.72	0.00077493
1165.22	0.00123896
1165.72	0.00169186
1166.22	0.00212971
1166.72	0.00254874
1167.22	0.00294534
1167.72	0.0033161
1168.21	0.00365782
1168.71	0.00396759
1169.21	0.00424274
1169.71	0.00448092
1170.21	0.00468011
1170.71	0.00483861
1171.21	0.00495509
1171.71	0.00502857
1172.21	0.00505846
1172.71	0.00504454
1173.21	0.00498695
1173.71	0.00488625
1174.21	0.00474333
1174.71	0.00455947
1175.21	0.0043363
1175.71	0.00407578
1176.21	0.00378019
1176.71	0.00345214
1177.21	0.00309447
1177.71	0.00271033
1178.21	0.00230304
1178.71	0.00187616
1179.21	0.00143339
1179.71	0.000978592
1180.21	0.0005157
1180.71	4.87317e-05
1181.21	-0.000418269
1181.71	-0.00088126
1182.21	-0.00133624
1182.71	-0.00177927
1183.21	-0.00220653
1183.71	-0.00261434
1184.21	-0.00299919
1184.71	-0.00335775
1185.21	-0.00368696
1185.71	-0.00398398
1186.21	-0.00424627
1186.71	-0.0044716
1187.21	-0.00465803
1187.71	-0.004804
1188.21	-0.00490827
1188.71	-0.00496997
1189.21	-0.00498861
1189.71	-0.00496406
1190.21	-0.00489657
1190.71	-0.00478675
1191.21	-0.0046356
1191.71	-0.00444446
1192.21	-0.00421501
1192.71	-0.00394928
1193.21	-0.00364959
1193.71	-0.00331856
1194.21	-0.00295908
1194.71	-0.0025743
1195.21	-0.00216756
1195.71	-0.0017424
1196.21	-0.00130251
1196.71	-0.000851717
1197.21	-0.000393927
1197.71	6.68909e-05
1198.21	0.000526747
1198.71	0.000981662
1199.21	0.0014277
1199.71	0.00186102
1200.21	0.00227787
1200.71	0.00267465
1201.21	0.00304797
1201.71	0.00339459
1202.21	0.00371155
1202.71	0.00399612
1203.21	0.00424588
1203.71	0.00445868
1204.21	0.00463272
1204.71	0.00476652
1205.21	0.00485896
1205.71	0.00490927
1206.21	0.00491706
1206.71	0.00488229
1207.21	0.00480529
1207.71	0.00468677
1208.21	0.00452779
1208.71	0.00432976
1209.2	0.00409443
1209.7	0.00382385
1210.2	0.00352041
1210.7	0.00318676
1211.2	0.0028258
1211.7	0.00244069
1212.2	0.00203478
1212.7	0.0016116
1213.2	0.00117483
1213.7	0.000728253
1214.2	0.000275747
1214.7	-0.000178768
1215.2	-0.000631355
1215.7	-0.0010781
1216.2	-0.00151514
1216.7	-0.0019387
1217.2	-0.00234513
1217.7	-0.00273092
1218.2	-0.00309275
1218.7	-0.00342751
1219.2	-0.00373233
1219.7	-0.00400458
1220.2	-0.00424195
1220.7	-0.0044424
1221.2	-0.00460423
1221.7	-0.00472608
1222.2	-0.00480692
1222.7	-0.00484608
1223.2	-0.00484326
1223.7	-0.00479851
1224.2	-0.00471227
1224.7	-0.00458531
1225.2	-0.00441876
1225.7	-0.0042141
1226.2	-0.00397313
1226.7	-0.00369796
1227.2	-0.00339101
1227.7	-0.00305495
1228.2	-0.00269273
1228.7	-0.00230748
1229.2	-0.00190258
1229.7	-0.00148154
1230.2	-0.00104801
1230.7	-0.000605764
1231.2	-0.00015863
1231.7	0.000289517
1232.2	0.000734795
1232.7	0.00117335
1233.2	0.00160141
1233.7	0.00201525
1234.2	0.00241132
1234.7	0.0027862
1235.2	0.00313666
1235.7	0.00345969
1236.2	0.00375252
1236.7	0.00401263
1237.2	0.0042378
1237.7	0.00442611
1238.2	0.00457596
1238.7	0.00468609
1239.2	0.00475557
1239.7	0.00478383
1240.2	0.00477067
1240.7	0.00471623
1241.2	0.00462101
1241.7	0.00448587
1242.2	0.00431202
1242.7	0.00410098
1243.2	0.00385462
1243.7	0.0035751
1244.2	0.00326486
1244.7	0.00292661
1245.2	0.00256331
1245.7	0.00217811
1246.2	0.00177436
1246.7	0.00135559
1247.2	0.000925417
1247.7	0.000487582
1248.2	4.58775e-05
1248.7	-0.000395869
1249.2	-0.000833835
1249.69	-0.00126423
1250.19	-0.00168334
1250.69	-0.00208755
1251.19	-0.00247336
1251.69	-0.00283746
1252.19	-0.0031767
1252.69	-0.00348818
1253.19	-0.00376922
1253.69	-0.00401742
1254.19	-0.00423064
1254.69	-0.00440707
1255.19	-0.00454522
1255.69	-0.00464393
1256.19	-0.00470236
1256.69	-0.00472004
1257.19	-0.00469686
1257.69	-0.00463304
1258.19	-0.00452918
1258.69	-0.0043862
1259.19	-0.00420538
1259.69	-0.0039883
1260.19	-0.00373688
1260.69	-0.00345331
1261.19	-0.00314009
1261.69	-0.00279994
1262.19	-0.00243583
1262.69	-0.00205093
1263.19	-0.0016486
1263.69	-0.00123231
1264.19	-0.000805701
1264.69	-0.00037246
1265.19	6.36538e-05
1265.69	0.000498864
1266.19	0.000929403
1266.69	0.00135155
1267.19	0.00176165
1267.69	0.00215618
1268.19	0.00253171
1268.69	0.00288503
1269.19	0.00321309
1269.69	0.00351306
1270.19	0.00378238
1270.69	0.00401873
1271.19	0.0042201
1271.69	0.00438477
1272.19	0.00451135
1272.69	0.00459876
1273.19	0.00464628
1273.69	0.00465354
1274.19	0.00462049
1274.69	0.00454746
1275.19	0.00443511
1275.69	0.00428444
1276.19	0.00409679
1276.69	0.0038738
1277.19	0.00361744
1277.69	0.00332996
1278.19	0.00301385
1278.69	0.00267189
1279.19	0.00230704
1279.69	0.0019225
1280.19	0.00152159
1280.69	0.0011078
1281.19	0.000684727
1281.69	0.000256035
1282.19	-0.000174561
1282.69	-0.000603332
1283.19	-0.00102657
1283.69	-0.00144061
1284.19	-0.00184189
1284.69	-0.00222693
1285.19	-0.00259243
1285.69	-0.00293522
1286.19	-0.00325236
1286.69	-0.00354113
1287.19	-0.00379905
1287.69	-0.00402391
1288.19	-0.00421379
1288.69	-0.00436707
1289.19	-0.00448246
1289.69	-0.00455899
1290.19	-0.00459602
1290.68	-0.00459327
1291.18	-0.00455078
1291.68	-0.00446897
1292.18	-0.00434856
1292.68	-0.00419063
1293.18	-0.00399658
1293.68	-0.00376811
1294.18	-0.00350722
1294.68	-0.00321621
1295.18	-0.00289761
1295.68	-0.0025542
1296.18	-0.00218897
1296.68	-0.00180511
1297.18	-0.00140595
1297.68	-0.000994946
1298.18	-0.000575679
1298.68	-0.00015178
1299.18	0.000273078
1299.68	0.000695218
1300.18	0.00111099
1300.68	0.00151679
1301.18	0.00190912
1301.68	0.0022846
1302.18	0.00263998
1302.68	0.00297221
1303.18	0.00327843
1303.68	0.003556
1304.18	0.00380255
1304.68	0.00401596
1305.18	0.00419442
1305.68	0.0043364
1306.18	0.00444071
1306.68	0.00450646
1307.18	0.00453312
1307.68	0.00452049
1308.18	0.0044687
1308.68	0.00437823
1309.18	0.00424991
1309.68	0.00408485
1310.18	0.00388453
1310.68	0.00365069
1311.18	0.0033854
1311.68	0.00309096
1312.18	0.00276996
1312.68	0.00242518
1313.18	0.00205963
1313.68	0.00167648
1314.18	0.00127908
1314.68	0.000870862
1315.18	0.000455372
1315.68	3.62118e-05
1316.18	-0.000382989
1316.68	-0.000798602
1317.18	-0.00120703
1317.68	-0.00160476
1318.18	-0.00198833
1318.68	-0.00235446
1319.18	-0.00269997
1319.68	-0.0030219
1320.18	-0.00331748
1320.68	-0.00358417
1321.18	-0.00381969
1321.68	-0.00402201
1322.18	-0.00418942
1322.68	-0.00432049
1323.18	-0.00441412
1323.68	-0.00446952
1324.18	-0.00448624
1324.68	-0.00446417
1325.18	-0.00440353
1325.68	-0.00430486
1326.18	-0.00416907
1326.68	-0.00399734
1327.18	-0.0037912
1327.68	-0.00355244
1328.18	-0.00328318
1328.68	-0.00298574
1329.18	-0.00266274
1329.68	-0.00231699
1330.18	-0.0019515
1330.68	-0.00156944
1331.18	-0.00117414
1331.67	-0.000769019
1332.17	-0.000357602
1332.67	5.65476e-05
1333.17	0.000469845
1333.67	0.000878712
1334.17	0.00127961
1334.67	0.00166909
1335.17	0.00204377
1335.67	0.00240043
1336.17	0.00273599
1336.67	0.00304757
1337.17	0.00333248
1337.67	0.00358828
1338.17	0.00381277
1338.67	0.00400405
1339.17	0.00416047
1339.67	0.00428071
1340.17	0.00436376
1340.67	0.00440891
1341.17	0.00441582
1341.67	0.00438445
1342.17	0.0043151
1342.67	0.0042084
1343.17	0.00406529
1343.67	0.00388705
1344.17	0.00367525
1344.67	0.00343174
1345.17	0.00315865
1345.67	0.00285836
1346.17	0.00253351
1346.67	0.00218691
1347.17	0.00182159
1347.67	0.00144072
1348.17	0.0010476
1348.67	0.000645651
1349.17	0.000238356
1349.67	-0.000170755
1350.17	-0.000578142
1350.67	-0.000980278
1351.17	-0.00137369
1351.67	-0.00175497
1352.17	-0.00212084
1352.67	-0.00246814
1353.17	-0.00279388
1353.67	-0.00309525
1354.17	-0.00336966
1354.67	-0.00361476
1355.17	-0.00382845
1355.67	-0.00400891
1356.17	-0.00415459
1356.67	-0.00426426
1357.17	-0.004337
1357.67	-0.0043722
1358.17	-0.00436959
1358.67	-0.00432923
1359.17	-0.00425148
1359.67	-0.00413705
1360.17	-0.00398695
1360.67	-0.00380251
1361.17	-0.00358536
1361.67	-0.00333739
1362.17	-0.00306078
1362.67	-0.00275794
1363.17	-0.00243152
1363.67	-0.00208434
1364.17	-0.00171944
1364.67	-0.00133999
1365.17	-0.000949274
1365.67	-0.000550692
1366.17	-0.000147696
1366.67	0.000256221
1367.17	0.000657564
1367.67	0.00105286
1368.17	0.00143869
1368.67	0.00181173
1369.17	0.00216875
1369.67	0.00250668
1370.17	0.0028226
1370.67	0.0031138
1371.17	0.00337777
1371.67	0.00361226
1372.17	0.00381524
1372.66	0.003985
1373.16	0.00412007
1373.66	0.00421933
1374.16	0.00428194
1374.66	0.00430738
1375.16	0.00429545
1375.66	0.0042463
1376.16	0.00416037
1376.66	0.00403844
1377.16	0.00388158
1377.66	0.00369118
1378.16	0.00346891
1378.66	0.00321672
1379.16	0.00293682
1379.66	0.00263164
1380.16	0.00230386
1380.66	0.00195631
1381.16	0.00159203
1381.66	0.00121418
1382.16	0.000826039
1382.66	0.000430978
1383.16	3.24218e-05
1383.66	-0.000366178
1384.16	-0.000761372
1384.66	-0.00114974
1385.16	-0.00152792
1385.66	-0.00189266
1386.16	-0.0022408
1386.66	-0.00256934
1387.16	-0.00287545
1387.66	-0.0031565
1388.16	-0.00341007
1388.66	-0.00363399
1389.16	-0.00382634
1389.66	-0.00398548
1390.16	-0.00411005
1390.66	-0.004199
1391.16	-0.00425158
1391.66	-0.00426737
1392.16	-0.00424626
1392.66	-0.00418845
1393.16	-0.00409447
1393.66	-0.00396516
1394.16	-0.00380167
1394.66	-0.00360543
1395.16	-0.00337816
1395.66	-0.00312186
1396.16	-0.00283876
1396.66	-0.00253134
1397.16	-0.00220226
1397.66	-0.0018544
1398.16	-0.00149078
1398.66	-0.00111456
1399.16	-0.000728994
1399.66	-0.000337438
1400.16	5.67198e-05
1400.66	0.000450065
1401.16	0.000839193
1401.66	0.00122074
1402.16	0.00159141
1402.66	0.001948
1403.16	0.00228744
1403.66	0.0026068
1404.16	0.00290332
1404.66	0.00317447
1405.16	0.00341791
1405.66	0.00363155
1406.16	0.00381357
1406.66	0.00396242
1407.16	0.00407683
1407.66	0.00415583
1408.16	0.00419876
1408.66	0.00420529
1409.16	0.00417538
1409.66	0.00410931
1410.16	0.00400769
1410.66	0.00387141
1411.16	0.00370169
1411.66	0.00350002
1412.16	0.00326816
1412.66	0.00300815
1413.16	0.00272226
1413.65	0.00241297
1414.15	0.00208299
1414.65	0.00173518
1415.15	0.00137257
1415.65	0.000998314
1416.15	0.000615652
1416.65	0.000227907
1417.15	-0.000161562
1417.65	-0.000549381
1418.15	-0.000932193
1418.65	-0.00130669
1419.15	-0.00166963
1419.65	-0.00201788
1420.15	-0.00234844
1420.65	-0.00265846
1421.15	-0.00294527
1421.65	-0.0032064
1422.15	-0.0034396
1422.65	-0.00364289
1423.15	-0.00381451
1423.65	-0.00395301
1424.15	-0.0040572
1424.65	-0.00412622
1425.15	-0.00415948
1425.65	-0.00415672
1426.15	-0.00411799
1426.65	-0.00404365
1427.15	-0.00393438
1427.65	-0.00379112
1428.15	-0.00361516
1428.65	-0.00340803
1429.15	-0.00317156
1429.65	-0.00290779
1430.15	-0.00261905
1430.65	-0.00230784
1431.15	-0.00197687
1431.65	-0.00162902
1432.15	-0.00126731
1432.65	-0.000894878
1433.15	-0.000514961
1433.65	-0.000130848
1434.15	0.000254133
1434.65	0.000636651
1435.15	0.0010134
1435.65	0.00138111
1436.15	0.00173663
1436.65	0.00207687
1437.15	0.0023989
1437.65	0.00269996
1438.15	0.00297744
1438.65	0.00322897
1439.15	0.00345239
1439.65	0.00364578
1440.15	0.00380748
1440.65	0.00393614
1441.15	0.00403064
1441.65	0.00409021
1442.15	0.00411434
1442.65	0.00410286
1443.15	0.00405589
1443.65	0.00397386
1444.15	0.00385751
1444.65	0.00370787
1445.15	0.00352625
1445.65	0.00331426
1446.15	0.00307375
1446.65	0.00280682
1447.15	0.0025158
1447.65	0.00220322
1448.15	0.00187182
1448.65	0.00152447
1449.15	0.00116419
1449.65	0.000794101
1450.15	0.000417425
1450.65	3.74232e-05
1451.15	-0.000342611
1451.65	-0.000719388
1452.15	-0.00108965
1452.65	-0.00145019
1453.15	-0.0017979
1453.65	-0.00212977
1454.15	-0.00244295
1454.64	-0.00273472
1455.14	-0.00300259
1455.64	-0.00324425
1456.14	-0.00345762
1456.64	-0.00364088
1457.14	-0.00379246
1457.64	-0.00391106
1458.14	-0.00399569
1458.64	-0.00404563
1459.14	-0.00406047
1459.64	-0.00404011
1460.14	-0.00398475
1460.64	-0.00389489
1461.14	-0.00377132
1461.64	-0.00361515
1462.14	-0.00342774
1462.64	-0.00321074
1463.14	-0.00296605
1463.64	-0.0026958
1464.14	-0.00240234
1464.64	-0.00208823
1465.14	-0.00175621
1465.64	-0.00140916
1466.14	-0.00105009
1466.64	-0.000682117
1467.14	-0.000308432
1467.64	6.7727e-05
1468.14	0.000443104
1468.64	0.000814451
1469.14	0.00117856
1469.64	0.00153228
1470.14	0.00187256
1470.64	0.00219646
1471.14	0.0025012
1471.64	0.00278415
1472.14	0.00304287
1472.64	0.00327514
1473.14	0.00347898
1473.64	0.00365263
1474.14	0.00379462
1474.64	0.00390374
1475.14	0.00397907
1475.64	0.00401997
1476.14	0.00402613
1476.64	0.0039975
1477.14	0.00393437
1477.64	0.0038373
1478.14	0.00370716
1478.64	0.0035451
1479.14	0.00335254
1479.64	0.00313117
1480.14	0.00288293
1480.64	0.00260998
1481.14	0.0023147
1481.64	0.00199968
1482.14	0.00166764
1482.64	0.00132147
1483.14	0.00096419
1483.64	0.000598889
1484.14	0.000228737
1484.64	-0.000143056
1485.14	-0.00051327
1485.64	-0.000878702
1486.14	-0.00123619
1486.64	-0.00158265
1487.14	-0.00191507
1487.64	-0.00223061
1488.14	-0.00252653
1488.64	-0.00280028
1489.14	-0.00304952
1489.64	-0.00327209
1490.14	-0.00346609
1490.64	-0.00362986
1491.14	-0.003762
1491.64	-0.00386138
1492.14	-0.00392718
1492.64	-0.00395883
1493.14	-0.00395609
1493.64	-0.003919
1494.14	-0.00384791
1494.64	-0.00374345
1495.14	-0.00360655
1495.63	-0.00343842
1496.13	-0.00324053
1496.63	-0.00301461
1497.13	-0.00276264
1497.63	-0.00248681
1498.13	-0.00218953
1498.63	-0.00187338
1499.13	-0.00154111
1499.63	-0.00119561
1500.13	-0.000839882
1500.63	-0.000477002
1501.13	-0.000110118
1501.63	0.00025759
1502.13	0.000622942
1502.63	0.000982776
1503.13	0.00133398
1503.63	0.00167353
1504.13	0.00199848
1504.63	0.00230604
1505.13	0.00259355
1505.63	0.00285855
1506.13	0.00309875
1506.63	0.00331208
1507.13	0.00349674
1507.63	0.00365112
1508.13	0.00377393
1508.63	0.00386411
1509.13	0.00392091
1509.63	0.00394386
1510.13	0.00393278
1510.63	0.0038878
1511.13	0.00380932
1511.63	0.00369805
1512.13	0.00355497
1512.63	0.00338135
1513.13	0.0031787
1513.63	0.0029488
1514.13	0.00269366
1514.63	0.00241551
1515.13	0.00211677
1515.63	0.00180003
1516.13	0.00146806
1516.63	0.00112373
1517.13	0.000770044
1517.63	0.000410058
1518.13	4.68962e-05
1518.63	-0.000316294
1519.13	-0.00067637
1519.63	-0.00103021
1520.13	-0.00137477
1520.63	-0.00170706
1521.13	-0.00202421
1521.63	-0.00232349
1522.13	-0.00260233
1522.63	-0.00285831
1523.13	-0.00308924
1523.63	-0.00329313
1524.13	-0.00346824
1524.63	-0.00361307
1525.13	-0.00372639
1525.63	-0.00380723
1526.13	-0.00385491
1526.63	-0.00386906
1527.13	-0.00384955
1527.63	-0.00379659
1528.13	-0.00371066
1528.63	-0.00359251
1529.13	-0.0034432
1529.63	-0.00326403
1530.13	-0.00305657
1530.63	-0.00282265
1531.13	-0.00256429
1531.63	-0.00228376
1532.13	-0.00198349
1532.63	-0.0016661
1533.13	-0.00133435
1533.63	-0.000991106
1534.13	-0.000639359
1534.63	-0.000282156
1535.13	7.74091e-05
1535.63	0.000436222
1536.13	0.000791177
1536.62	0.00113921
1537.12	0.0014773
1537.62	0.00180254
1538.12	0.00211212
1538.62	0.00240336
1539.12	0.00267377
1539.62	0.00292102
1540.12	0.00314297
1540.62	0.00333773
1541.12	0.00350362
1541.62	0.00363924
1542.12	0.00374342
1542.62	0.00381528
1543.12	0.00385423
1543.62	0.00385995
1544.12	0.00383241
1544.62	0.00377187
1545.12	0.00367888
1545.62	0.00355426
1546.12	0.00339911
1546.62	0.0032148
1547.12	0.00300293
1547.62	0.00276537
1548.12	0.00250419
1548.62	0.00222165
1549.12	0.00192023
1549.62	0.00160254
1550.12	0.00127134
1550.62	0.000929508
1551.12	0.000580012
1551.62	0.00022588
1552.12	-0.000129819
1552.62	-0.000484004
1553.12	-0.000833612
1553.62	-0.00117562
1554.12	-0.00150707
1554.62	-0.0018251
1555.12	-0.00212697
1555.62	-0.00241007
1556.12	-0.00267197
1556.62	-0.00291041
1557.12	-0.00312334
1557.62	-0.00330894
1558.12	-0.00346562
1558.62	-0.00359204
1559.12	-0.00368713
1559.62	-0.00375008
1560.12	-0.00378037
1560.62	-0.00377776
1561.12	-0.00374229
1561.62	-0.00367429
1562.12	-0.00357437
1562.62	-0.00344342
1563.12	-0.00328258
1563.62	-0.00309328
1564.12	-0.00287717
1564.62	-0.00263614
1565.12	-0.00237228
1565.62	-0.00208791
1566.12	-0.00178548
1566.62	-0.00146764
1567.12	-0.00113715
1567.62	-0.00079687
1568.12	-0.000449756
1568.62	-9.88187e-05
1569.12	0.000252902
1569.62	0.000602361
1570.12	0.000946534
1570.62	0.00128244
1571.12	0.00160719
1571.62	0.00191797
1572.12	0.00221209
1572.62	0.00248703
1573.12	0.00274041
1573.62	0.00297006
1574.12	0.003174
1574.62	0.00335049
1575.12	0.003498
1575.62	0.00361529
1576.12	0.00370135
1576.62	0.00375547
1577.12	0.00377719
1577.61	0.00376634
1578.11	0.00372304
1578.61	0.00364769
1579.11	0.00354095
1579.61	0.00340377
1580.11	0.00323736
1580.61	0.00304318
1581.11	0.00282291
1581.61	0.00257849
1582.11	0.00231205
1582.61	0.00202591
1583.11	0.00172255
1583.61	0.00140462
1584.11	0.00107486
1584.61	0.000736157
1585.11	0.000391432
1585.61	4.36764e-05
1586.11	-0.000304098
1586.61	-0.00064888
1587.11	-0.000987689
1587.61	-0.0013176
1588.11	-0.00163575
1588.61	-0.00193941
1589.11	-0.00222594
1589.61	-0.0024929
1590.11	-0.00273796
1590.61	-0.00295904
1591.11	-0.00315422
1591.61	-0.00332185
1592.11	-0.00346047
1592.61	-0.00356892
1593.11	-0.00364628
1593.61	-0.00369189
1594.11	-0.00370538
1594.61	-0.00368665
1595.11	-0.00363589
1595.61	-0.00355356
1596.11	-0.00344039
1596.61	-0.00329738
1597.11	-0.00312579
1597.61	-0.00292712
1598.11	-0.0027031
1598.61	-0.00245571
1599.11	-0.00218709
1599.61	-0.00189958
1600.11	-0.00159568
1600.61	-0.00127804
1601.11	-0.00094941
1601.61	-0.00061265
1602.11	-0.000270679
1602.61	7.35394e-05
1603.11	0.000417022
1603.61	0.000756796
1604.11	0.00108992
1604.61	0.00141352
1605.11	0.00172478
1605.61	0.00202104
1606.11	0.00229972
1606.61	0.00255843
1607.11	0.00279494
1607.61	0.00300722
1608.11	0.00319343
1608.61	0.00335199
1609.11	0.00348153
1609.61	0.00358096
1610.11	0.00364943
1610.61	0.00368636
1611.11	0.00369145
1611.61	0.00366468
1612.11	0.0036063
1612.61	0.00351683
1613.11	0.00339706
1613.61	0.00324806
1614.11	0.00307112
1614.61	0.00286779
1615.11	0.00263985
1615.61	0.00238928
1616.11	0.00211828
1616.61	0.00182919
1617.11	0.00152452
1617.61	0.00120693
1618.11	0.000879172
1618.6	0.000544084
1619.1	0.000204571
1619.6	-0.000136425
1620.1	-0.000475953
1620.6	-0.000811075
1621.1	-0.00113889
1621.6	-0.00145658
1622.1	-0.00176138
1622.6	-0.00205068
1623.1	-0.00232198
1623.6	-0.00257294
1624.1	-0.0028014
1624.6	-0.00300541
1625.1	-0.0031832
1625.6	-0.00333327
1626.1	-0.00345432
1626.6	-0.00354533
1627.1	-0.00360553
1627.6	-0.00363441
1628.1	-0.00363176
1628.6	-0.00359761
1629.1	-0.00353228
1629.6	-0.00343635
1630.1	-0.00331067
1630.6	-0.00315636
1631.1	-0.00297476
1631.6	-0.00276746
1632.1	-0.00253628
1632.6	-0.00228324
1633.1	-0.00201053
1633.6	-0.00172053
1634.1	-0.00141577
1634.6	-0.00109889
1635.1	-0.000772643
1635.6	-0.00043986
1636.1	-0.000103427
1636.6	0.000233741
1637.1	0.000568722
1637.6	0.000898618
1638.1	0.00122057
1638.6	0.00153181
1639.1	0.00182963
1639.6	0.00211147
1640.1	0.00237489
1640.6	0.00261763
1641.1	0.00283759
1641.6	0.00303289
1642.1	0.00320185
1642.6	0.00334301
1643.1	0.00345517
1643.6	0.00353739
1644.1	0.00358895
1644.6	0.00360944
1645.1	0.00359869
1645.6	0.00355682
1646.1	0.0034842
1646.6	0.00338148
1647.1	0.00324956
1647.6	0.00308961
1648.1	0.00290301
1648.6	0.00269142
1649.1	0.00245666
1649.6	0.00220078
1650.1	0.00192601
1650.6	0.00163474
1651.1	0.0013295
1651.6	0.00101293
1652.1	0.00068778
1652.6	0.000356873
1653.1	2.30708e-05
1653.6	-0.000310736
1654.1	-0.000641659
1654.6	-0.000966837
1655.1	-0.00128346
1655.6	-0.0015888
1656.1	-0.00188021
1656.6	-0.00215519
1657.1	-0.00241136
1657.6	-0.00264652
1658.1	-0.00285866
1658.6	-0.00304594
1659.09	-0.00320677
1659.59	-0.00333976
1660.09	-0.00344379
1660.59	-0.00351798
1661.09	-0.0035617
1661.59	-0.00357459
1662.09	-0.00355657
1662.59	-0.0035078
1663.09	-0.00342873
1663.59	-0.00332007
1664.09	-0.00318277
1664.59	-0.00301804
1665.09	-0.00282733
1665.59	-0.0026123
1666.09	-0.00237483
1666.59	-0.00211699
1667.09	-0.00184102
1667.59	-0.00154933
1668.09	-0.00124446
1668.59	-0.000929048
1669.09	-0.000605834
1669.59	-0.000277622
1670.09	5.27407e-05
1670.59	0.000382393
1671.09	0.000708481
1671.59	0.00102818
1672.09	0.00133873
1672.59	0.00163745
1673.09	0.00192174
1673.59	0.00218917
1674.09	0.00243743
1674.59	0.00266437
1675.09	0.00286804
1675.59	0.0030467
1676.09	0.0031988
1676.59	0.00332306
1677.09	0.0034184
1677.59	0.00348402
1678.09	0.00351937
1678.59	0.00352415
1679.09	0.00349835
1679.59	0.0034422
1680.09	0.00335621
1680.59	0.00324113
1681.09	0.00309799
1681.59	0.00292803
1682.09	0.00273274
1682.59	0.00251382
1683.09	0.00227319
1683.59	0.00201293
1684.09	0.00173531
1684.59	0.00144275
1685.09	0.00113777
1685.59	0.000823039
1686.09	0.000501271
1686.59	0.000175258
1687.09	-0.000152177
1687.59	-0.000478199
1688.09	-0.00079999
1688.59	-0.00111477
1689.09	-0.00141981
1689.59	-0.00171249
1690.09	-0.00199028
1690.59	-0.00225078
1691.09	-0.00249175
1691.59	-0.00271112
1692.09	-0.00290701
1692.59	-0.00307773
1693.09	-0.00322182
1693.59	-0.00333806
1694.09	-0.00342545
1694.59	-0.00348325
1695.09	-0.003511
1695.59	-0.00350845
1696.09	-0.00347566
1696.59	-0.00341294
1697.09	-0.00332083
1697.59	-0.00320016
1698.09	-0.00305199
1698.59	-0.00287763
1699.09	-0.00267859
1699.59	-0.00245662
1700.08	-0.00221365
1700.58	-0.0019518
1701.08	-0.00167335
1701.58	-0.00138073
1702.08	-0.00107647
1702.58	-0.000763213
1703.08	-0.000443685
1703.58	-0.000120654
1704.08	0.00020308
1704.58	0.000524714
1705.08	0.000841462
1705.58	0.00115058
1706.08	0.00144941
1706.58	0.00173535
1707.08	0.00200594
1707.58	0.00225885
1708.08	0.00249189
1708.58	0.00270307
1709.08	0.00289055
1709.58	0.00305273
1710.08	0.00318823
1710.58	0.00329588
1711.08	0.00337476
1711.58	0.00342421
1712.08	0.00344382
1712.58	0.00343343
1713.08	0.00339315
1713.58	0.00332335
1714.08	0.00322464
1714.58	0.0030979
1715.08	0.00294423
1715.58	0.00276499
1716.08	0.00256174
1716.58	0.00233624
1717.08	0.00209048
1717.58	0.00182657
1718.08	0.00154683
1718.58	0.00125367
1719.08	0.000949648
1719.58	0.000637393
1720.08	0.000319615
1720.58	-9.32427e-07
1721.08	-0.000321474
1721.58	-0.000639236
1722.08	-0.000951469
1722.58	-0.00125548
1723.08	-0.00154863
1723.58	-0.0018284
1724.08	-0.00209237
1724.58	-0.00233827
1725.08	-0.00256398
1725.58	-0.00276756
1726.08	-0.00294726
1726.58	-0.00310154
1727.08	-0.00322908
1727.58	-0.00332879
1728.08	-0.00339983
1728.58	-0.00344159
1729.08	-0.00345374
1729.58	-0.00343618
1730.08	-0.0033891
1730.58	-0.0033129
1731.08	-0.00320828
1731.58	-0.00307614
1732.08	-0.00291766
1732.58	-0.00273422
1733.08	-0.00252743
1733.58	-0.00229908
1734.08	-0.00205118
1734.58	-0.00178587
1735.08	-0.00150547
1735.58	-0.0012124
1736.08	-0.000909227
1736.58	-0.000598569
1737.08	-0.000283123
1737.58	3.43766e-05
1738.08	0.000351179
1738.58	0.000664541
1739.08	0.000971753
1739.58	0.00127016
1740.08	0.00155717
1740.58	0.00183032
1741.07	0.00208725
1741.57	0.00232574
1742.07	0.00254374
1742.57	0.00273937
1743.07	0.00291094
1743.57	0.003057
1744.07	0.00317628
1744.57	0.00326778
1745.07	0.0033307
1745.57	0.00336453
1746.07	0.00336899
1746.57	0.00334405
1747.07	0.00328996
1747.57	0.00320718
1748.07	0.00309646
1748.57	0.00295878
1749.07	0.00279532
1749.57	0.00260754
1750.07	0.00239706
1750.57	0.00216572
1751.07	0.00191554
1751.57	0.0016487
1752.07	0.0013675
1752.57	0.0010744
1753.07	0.00077194
1753.57	0.000462743
1754.07	0.00014949
1754.57	-0.000165103
1755.07	-0.000478314
1755.57	-0.000787429
1756.07	-0.00108977
1756.57	-0.00138274
1757.07	-0.00166379
1757.57	-0.00193049
1758.07	-0.00218056
1758.57	-0.00241182
1759.07	-0.00262229
1759.57	-0.00281016
1760.07	-0.00297381
1760.57	-0.00311184
1761.07	-0.00322306
1761.57	-0.00330654
1762.07	-0.00336155
1762.57	-0.00338764
1763.07	-0.0033846
1763.57	-0.00335246
1764.07	-0.00329153
1764.57	-0.00320234
1765.07	-0.00308568
1765.57	-0.00294257
1766.07	-0.00277427
1766.57	-0.00258224
1767.07	-0.00236816
1767.57	-0.0021339
1768.07	-0.00188148
1768.57	-0.0016131
1769.07	-0.0013311
1769.57	-0.00103792
1770.07	-0.000736093
1770.57	-0.000428246
1771.07	-0.000117041
1771.57	0.00019483
1772.07	0.000504667
1772.57	0.000809794
1773.07	0.00110757
1773.57	0.00139544
1774.07	0.0016709
1774.57	0.00193159
1775.07	0.00217525
1775.57	0.0023998
1776.07	0.00260331
1776.57	0.00278402
1777.07	0.00294038
1777.57	0.00307108
1778.07	0.00317498
1778.57	0.00325121
1779.07	0.00329913
1779.57	0.00331834
1780.07	0.0033087
1780.57	0.00327031
1781.07	0.00320353
1781.57	0.00310895
1782.06	0.00298741
1782.56	0.00283999
1783.06	0.00266797
1783.56	0.00247288
1784.06	0.0022564
1784.56	0.00202045
1785.06	0.00176707
1785.56	0.00149847
1786.06	0.00121699
1786.56	0.000925084
1787.06	0.00062529
1787.56	0.000320213
1788.06	1.25021e-05
1788.56	-0.000295171
1789.06	-0.000600135
1789.56	-0.000899747
1790.06	-0.00119141
1790.56	-0.00147259
1791.06	-0.00174086
1791.56	-0.0019939
1792.06	-0.00222951
1792.56	-0.00244565
1793.06	-0.00264047
1793.56	-0.00281227
1794.06	-0.00295958
1794.56	-0.00308113
1795.06	-0.00317586
1795.56	-0.00324297
1796.06	-0.00328188
1796.56	-0.00329226
1797.06	-0.00327403
1797.56	-0.00322736
1798.06	-0.00315264
1798.56	-0.00305054
1799.06	-0.00292195
1799.56	-0.00276798
1800.06	-0.00258998
1800.56	-0.00238947
1801.06	-0.00216821
1801.56	-0.00192811
1802.06	-0.00167125
1802.56	-0.00139984
1803.06	-0.00111625
1803.56	-0.000822905
1804.06	-0.000522353
1804.56	-0.000217185
1805.06	8.99658e-05
1805.56	0.000396452
1806.06	0.000699633
1806.56	0.000996898
1807.06	0.00128569
1807.56	0.00156352
1808.06	0.00182802
1808.56	0.0020769
1809.06	0.00230804
1809.56	0.00251945
1810.06	0.00270934
1810.56	0.00287608
1811.06	0.00301826
1811.56	0.00313467
1812.06	0.00322433
1812.56	0.00328651
1813.06	0.00332068
1813.56	0.00332659
1814.06	0.00330421
1814.56	0.00325377
1815.06	0.00317573
1815.56	0.00307081
1816.06	0.00293993
1816.56	0.00278427
1817.06	0.0026052
1817.56	0.0024043
1818.06	0.00218333
1818.56	0.00194424
1819.06	0.00168913
1819.56	0.00142022
1820.06	0.00113988
1820.56	0.000850541
1821.06	0.000554744
1821.56	0.000255066
1822.06	-4.58782e-05
1822.56	-0.000345466
1823.05	-0.000641085
1823.55	-0.000930162
1824.05	-0.00121018
1824.55	-0.0014787
1825.05	-0.00173339
1825.55	-0.00197202
1826.05	-0.00219253
1826.55	-0.002393
1827.05	-0.00257168
1827.55	-0.00272702
1828.05	-0.00285767
1828.55	-0.00296249
1829.05	-0.00304056
1829.55	-0.00309122
1830.05	-0.00311401
1830.55	-0.00310873
1831.05	-0.00307542
1831.55	-0.00301438
1832.05	-0.00292611
1832.55	-0.00281139
1833.05	-0.00267119
1833.55	-0.00250673
1834.05	-0.00231941
1834.55	-0.00211087
1835.05	-0.00188288
1835.55	-0.00163743
1836.05	-0.00137661
1836.55	-0.00110267
1837.05	-0.000817983
1837.55	-0.000524986
1838.05	-0.000226203
1838.55	7.57969e-05
1839.05	0.000378418
1839.55	0.000679061
1840.05	0.000975145
1840.55	0.00126413
1841.05	0.00154354
1841.55	0.00181097
1842.05	0.00206415
1842.55	0.00230091
1843.05	0.00251922
1843.55	0.00271723
1844.05	0.00289326
1844.55	0.00304581
1845.05	0.00317359
1845.55	0.00327553
1846.05	0.00335079
1846.55	0.00339874
1847.05	0.00341901
1847.55	0.00341144
1848.05	0.00337615
1848.55	0.00331348
1849.05	0.00322399
1849.55	0.00310849
1850.05	0.00296803
1850.55	0.00280384
1851.05	0.00261737
1851.55	0.00241028
1852.05	0.00218439
1852.55	0.00194167
1853.05	0.00168425
1853.55	0.00141439
1854.05	0.00113445
1854.55	0.000846864
1855.05	0.000554154
1855.55	0.000258868
1856.05	-3.64218e-05
1856.55	-0.000329143
1857.05	-0.000616748
1857.55	-0.000896736
1858.05	-0.00116667
1858.55	-0.00142421
1859.05	-0.00166712
1859.55	-0.00189328
1860.05	-0.00210075
1860.55	-0.00228771
1861.05	-0.00245255
1861.55	-0.00259385
1862.05	-0.00271037
1862.55	-0.00280113
1863.05	-0.00286532
1863.55	-0.00290241
1864.04	-0.00291207
1864.54	-0.00289423
1865.04	-0.00284904
1865.54	-0.00277692
1866.04	-0.00267848
1866.54	-0.00255458
1867.04	-0.00240632
1867.54	-0.00223497
1868.04	-0.00204202
1868.54	-0.00182916
1869.04	-0.00159823
1869.54	-0.00135124
1870.04	-0.00109033
1870.54	-0.000817764
1871.04	-0.000535904
1871.54	-0.000247194
1872.04	4.58643e-05
1872.54	0.000340731
1873.04	0.000634854
1873.54	0.000925687
1874.04	0.00121071
1874.54	0.00148746
1875.04	0.00175354
1875.54	0.00200666
1876.04	0.00224462
1876.54	0.00246536
1877.04	0.00266698
1877.54	0.00284775
1878.04	0.00300609
1878.54	0.00314065
1879.04	0.00325026
1879.54	0.00333399
1880.04	0.0033911
1880.54	0.00342111
1881.04	0.00342377
1881.54	0.00339905
1882.04	0.00334718
1882.54	0.0032686
1883.04	0.00316399
1883.54	0.00303426
1884.04	0.00288054
1884.54	0.00270414
1885.04	0.0025066
1885.54	0.00228961
1886.04	0.00205506
1886.54	0.00180496
1887.04	0.00154146
1887.54	0.00126684
1888.04	0.000983456
1888.54	0.000693746
1889.04	0.000400201
1889.54	0.000105341
1890.04	-0.000188303
1890.54	-0.000478213
1891.04	-0.000761907
1891.54	-0.00103696
1892.04	-0.00130101
1892.54	-0.00155182
1893.04	-0.00178724
1893.54	-0.00200527
1894.04	-0.00220407
1894.54	-0.00238195
1895.04	-0.00253741
1895.54	-0.00266914
1896.04	-0.00277607
1896.54	-0.00285729
1897.04	-0.00291215
1897.54	-0.00294023
1898.04	-0.00294134
1898.54	-0.0029155
1899.04	-0.002863
1899.54	-0.00278433
1900.04	-0.00268023
1900.54	-0.00255164
1901.04	-0.00239974
1901.54	-0.00222589
1902.04	-0.00203164
1902.54	-0.00181872
1903.04	-0.00158902
1903.54	-0.00134459
1904.04	-0.00108758
1904.54	-0.000820267
1905.03	-0.000545014
1905.53	-0.000264247
1906.03	1.95579e-05
1906.53	0.000303901
1907.03	0.000586277
1907.53	0.0008642
1908.03	0.00113522
1908.53	0.00139696
1909.03	0.00164711
1909.53	0.00188346
1910.03	0.00210393
1910.53	0.00230658
1911.03	0.00248962
1911.53	0.00265143
1912.03	0.00279057
1912.53	0.0029058
1913.03	0.0029961
1913.53	0.00306065
1914.03	0.00309886
1914.53	0.00311036
1915.03	0.00309503
1915.53	0.00305296
1916.03	0.00298449
1916.53	0.00289018
1917.03	0.0027708
1917.53	0.00262737
1918.03	0.00246109
1918.53	0.00227337
1919.03	0.00206579
1919.53	0.00184012
1920.03	0.00159827
1920.53	0.0013423
1921.03	0.00107439
1921.53	0.000796821
1922.03	0.000511952
1922.53	0.000222211
1923.03	-6.99382e-05
1923.53	-0.000362008
1924.03	-0.000651515
1924.53	-0.000935999
1925.03	-0.00121304
1925.53	-0.00148029
1926.03	-0.00173549
1926.53	-0.00197646
1927.03	-0.00220118
1927.53	-0.00240776
1928.03	-0.00259444
1928.53	-0.00275968
1929.03	-0.00290208
1929.53	-0.00302048
1930.03	-0.00311389
1930.53	-0.00318156
1931.03	-0.00322296
1931.53	-0.00323778
1932.03	-0.00322594
1932.53	-0.00318759
1933.03	-0.00312313
1933.53	-0.00303315
1934.03	-0.00291849
1934.53	-0.00278018
1935.03	-0.00261947
1935.53	-0.0024378
1936.03	-0.00223677
1936.53	-0.00201819
1937.03	-0.00178396
1937.53	-0.00153618
1938.03	-0.001277
1938.53	-0.00100873
1939.03	-0.000733703
1939.53	-0.000454342
1940.03	-0.000173094
1940.53	0.00010758
1941.03	0.000385223
1941.53	0.00065741
1942.03	0.000921761
1942.53	0.00117597
1943.03	0.00141782
1943.53	0.00164519
1944.03	0.00185612
1944.53	0.00204875
1945.03	0.00222142
1945.53	0.00237261
1946.02	0.00250102
1946.52	0.00260553
1947.02	0.00268522
1947.52	0.00273941
1948.02	0.00276762
1948.52	0.00276961
1949.02	0.00274537
1949.52	0.00269511
1950.02	0.00261925
1950.52	0.00251848
1951.02	0.00239365
1951.52	0.00224585
1952.02	0.00207638
1952.52	0.0018867
1953.02	0.00167845
1953.52	0.00145345
1954.02	0.00121364
1954.52	0.000961116
1955.02	0.000698059
1955.52	0.000426752
1956.02	0.000149549
1956.52	-0.000131149
1957.02	-0.000412907
1957.52	-0.000693283
1958.02	-0.000969849
1958.52	-0.00124021
1959.02	-0.00150202
1959.52	-0.00175301
1960.02	-0.00199101
1960.52	-0.00221396
1961.02	-0.00241993
1961.52	-0.00260714
1962.02	-0.00277396
1962.52	-0.00291895
1963.02	-0.00304086
1963.52	-0.00313863
1964.02	-0.00321141
1964.52	-0.00325858
1965.02	-0.00327973
1965.52	-0.00327467
1966.02	-0.00324344
1966.52	-0.00318631
1967.02	-0.00310378
1967.52	-0.00299655
1968.02	-0.00286555
1968.52	-0.00271191
1969.02	-0.00253695
1969.52	-0.00234217
1970.02	-0.00212925
1970.52	-0.00190003
1971.02	-0.00165648
1971.52	-0.00140069
1972.02	-0.00113486
1972.52	-0.000861282
1973.02	-0.000582295
1973.52	-0.0003003
1974.02	-1.77148e-05
1974.52	0.000263036
1975.02	0.000539548
1975.52	0.000809452
1976.02	0.00107044
1976.52	0.00132029
1977.02	0.00155685
1977.52	0.00177812
1978.02	0.00198222
1978.52	0.00216741
1979.02	0.00233213
1979.52	0.00247498
1980.02	0.00259477
1980.52	0.0026905
1981.02	0.00276139
1981.52	0.00280684
1982.02	0.00282653
1982.52	0.0028203
1983.02	0.00278827
1983.52	0.00273075
1984.02	0.00264827
1984.52	0.00254159
1985.02	0.00241169
1985.52	0.00225972
1986.02	0.00208703
1986.52	0.00189517
1987.01	0.00168583
1987.51	0.00146087
1988.01	0.00122227
1988.51	0.000972127
1989.01	0.000712648
1989.51	0.000446114
1990.01	0.000174864
1990.51	-9.87204e-05
1991.01	-0.000372238
1991.51	-0.000643292
1992.01	-0.000909506
1992.51	-0.00116855
1993.01	-0.00141814
1993.51	-0.00165611
1994.01	-0.00188037
1994.51	-0.00208894
1995.01	-0.00228
1995.51	-0.00245187
1996.01	-0.00260305
1996.51	-0.00273221
1997.01	-0.00283819
1997.51	-0.00292008
1998.01	-0.00297713
1998.51	-0.00300883
1999.01	-0.0030149
1999.51	-0.00299525
2000.01	-0.00295005
2000.51	-0.00287965
2001.01	-0.00278465
2001.51	-0.00266585
2002.01	-0.00252426
2002.51	-0.00236108
2003.01	-0.0021777
2003.51	-0.00197569
2004.01	-0.00175677
2004.51	-0.0015228
2005.01	-0.00127579
2005.51	-0.00101785
2006.01	-0.000751183
2006.51	-0.000478064
2007.01	-0.000200827
2007.51	7.81612e-05
2008.01	0.00035652
2008.51	0.000631876
2009.01	0.000901882
2009.51	0.00116424
2010.01	0.00141672
2010.51	0.00165717
2011.01	0.00188357
2011.51	0.00209398
2012.01	0.00228664
2012.51	0.00245992
2013.01	0.00261238
2013.51	0.00274273
2014.01	0.00284991
2014.51	0.00293302
2015.01	0.00299141
2015.51	0.00302462
2016.01	0.00303241
2016.51	0.00301477
2017.01	0.00297189
2017.51	0.00290421
2018.01	0.00281237
2018.51	0.0026972
2019.01	0.00255976
2019.51	0.00240129
2020.01	0.00222321
2020.51	0.00202711
2021.01	0.00181475
2021.51	0.001588
2022.01	0.00134887
2022.51	0.00109949
2023.01	0.000842066
2023.51	0.000578859
2024.01	0.000312198
2024.51	4.44325e-05
2025.01	-0.000222077
2025.51	-0.000484985
2026.01	-0.000741974
2026.51	-0.000990783
2027.01	-0.00122922
2027.51	-0.00145519
2028	-0.00166669
2028.5	-0.00186188
2029	-0.00203901
2029.5	-0.00219654
2030	-0.00233306
2030.5	-0.00244736
2031	-0.00253843
2031.5	-0.00260545
2032	-0.00264782
2032.5	-0.00266514
2033	-0.00265724
2033.5	-0.00262415
2034	-0.00256615
2034.5	-0.00248371
2035	-0.00237752
2035.5	-0.00224848
2036	-0.00209768
2036.5	-0.0019264
2037	-0.00173611
2037.5	-0.00152842
2038	-0.00130511
2038.5	-0.0010681
2039	-0.000819404
2039.5	-0.000561161
2040	-0.00029558
2040.5	-2.49357e-05
2041	0.000248452
2041.5	0.00052224
2042	0.000794083
2042.5	0.00106165
2043	0.00132265
2043.5	0.00157485
2044	0.00181609
2044.5	0.0020443
2045	0.00225754
2045.5	0.00245397
2046	0.00263192
2046.5	0.00278988
2047	0.00292649
2047.5	0.0030406
2048	0.00313123
