0.0021762850182817997 1.0982234228647668e-22
0.0025187202225467583 9.026077356176727e-23
0.0029149319861586486 7.160526750637596e-23
0.00337347054582322 5.680556605412799e-23
0.003904242713709374 4.6239112275862496e-23
0.00451846580305634 3.7157094393047116e-23
0.005229251101329274 2.947729759875222e-23
0.006051907259765486 2.3611487043402944e-23
0.007004119928127334 1.9281398028586198e-23
0.008105915468747773 1.5296231233704395e-23
0.009381030916192754 1.2134736786620245e-23
0.010857086560122943 9.941275861263618e-24
0.012565062245678342 7.937453871784236e-24
0.014541631706505374 6.2969049054259105e-24
0.01682929444161995 5.043857500502242e-24
0.01947723114637429 4.118869086385054e-24
0.02254113162793646 3.26756254257577e-24
0.026087089937552838 2.6005572180531905e-24
0.030191755691246623 2.1304835162285842e-24
0.034941238048316926 1.6955893617583637e-24
0.04043773163501163 1.345137262163917e-24
0.046800548442609516 1.1055412523706798e-24
0.05416276948740383 8.798678667193308e-25
0.06268520054637348 7.231456972121849e-25
0.07254790998356456 5.886327240070027e-25
0.08396431644525754 4.900485282007012e-25
0.09717948057851797 4.172629913412324e-25
0.11247790091218934 3.6572100549362233e-25
0.1301897868193258 3.331570104677443e-25
0.150698171690553 3.1849071381157326e-25
0.17444403936435626 3.164489108860005e-25
0.20193623325137994 3.2157814635481275e-25
0.23376806407063164 3.363866173338806e-25
0.2706220799982179 3.575804890733016e-25
0.3132882612430283 3.825622273169248e-25
0.36268355527786666 4.1193010200699925e-25
0.4198696214526349 4.464143436855742e-25
0.48607249061434726 4.837853929034685e-25
0.562721264034288 5.310723616092531e-25
0.6514688841860174 5.937021579181654e-25
0.7542163219620778 6.665698520737774e-25
0.8731496515292327 7.325076155497138e-25
1.0108299972466788 7.989505942292097e-25
1.1702508009792014 8.941294088343257e-25
1.354786175156181 9.804733644749067e-25
1.568561236249713 1.1739362915308234e-24
1.816058471046802 1.3980593769025249e-24
2.1025981511926926 1.6578475508309742e-24
2.4343563535217005 1.9722417670074966e-24
2.818479462939708 2.3613963110592956e-24
3.263257095798296 2.8639402088905565e-24
3.7782488140015076 3.495845110075005e-24
4.374528416250206 4.280918914692027e-24
5.064879087307533 5.208691702916033e-24
5.864328784443279 6.502688930382553e-24
6.6259576857159335 7.636989634374196e-24
