0.0022150819308559017 7.02946026596972e-22
0.0025621324406219117 5.646779342291827e-22
0.0029635574882553835 4.536069020106378e-22
0.003427910005978453 3.655588745245887e-22
0.003964851667697628 2.9051821444386537e-22
0.004587373605178178 2.5649851891418766e-22
0.005304643537822139 1.8827651928168375e-22
0.006135633885795741 1.5027174041880726e-22
0.007097011235142687 1.2110302567455753e-22
0.008208862838954894 9.696946287770094e-23
0.009494995867794035 7.789576142307184e-23
0.010982527172735644 6.237259642003964e-23
0.012703102221349283 4.994290720194224e-23
0.014693519995512192 4.024866655754683e-23
0.01699514231421563 3.2020920448221365e-23
0.019658262755720763 2.588870517726553e-23
0.02273801988853729 2.0729571549970166e-23
0.026300266451625302 1.6598556540505872e-23
0.030420292126226475 1.324803533280779e-23
0.03518642639086678 1.0642172999455933e-23
0.040699700808193885 8.576458530355084e-24
0.04707544656676903 6.845247378182087e-24
0.05445158224925438 5.516540679427209e-24
0.06298222663574711 4.4171975361258726e-24
0.07284932242810854 3.536932872791317e-24
0.08426390318720373 2.8503913730490197e-24
0.09746508785466532 2.28236180637281e-24
0.11273665222106381 1.839340648251391e-24
0.1304036473276563 1.4918924884464874e-24
0.15084072725698863 1.2139805444746166e-24
0.1744858929242828 9.974300493496192e-25
0.20184949635528146 8.354995360305003e-25
0.23352046226323264 7.158167598743364e-25
0.27018997622840885 6.35396413470239e-25
0.3126576745682861 5.881289855726173e-25
0.3618608681843409 5.750170197408606e-25
0.418836064254668 5.750170197408606e-25
0.48477249399508593 5.713247235378085e-25
0.5611572642028008 5.906601953707611e-25
0.649590638639153 6.145964856069706e-25
0.7520614791436544 6.682822544686949e-25
0.8707081926806582 7.297849559122372e-25
1.0080893842211551 8.012375324624753e-25
1.167192666083198 8.910929870352546e-25
1.3513712025889433 9.825496946279957e-25
1.5644738166326606 1.052437849607867e-24
1.81105657162785 1.1021647260628923e-24
2.096703665218996 1.1907447705743141e-24
2.4274758381307993 1.2989348831631415e-24
2.8104576917043538 1.4215263612466951e-24
3.253926485805044 1.565741767272632e-24
3.76744543541643 1.7357334665926126e-24
4.3620054634788366 1.9241810686940784e-24
5.050594918749395 2.160748401189427e-24
5.84811585725579 2.45786387063493e-24
6.608216820558251 2.7511688650345454e-24
